0.000042300134690 23
0.000037061331058 21
0.000058704408342 28
0.000051277721200 26
0.000059388949102 28
0.000057272941158 27
0.000055321312518 28
0.000060940364000 27
0.000023479408561 14
0.000043156191841 21
0.000067777966880 32
0.000034499316874 20
0.000057936606981 28
0.000063858724319 31
0.000018153925084 12
0.000054235640203 28
0.000045844334581 26
0.000067366501333 32
0.000063092116177 30
0.000066910466643 32
0.000062725707185 30
0.000039357014077 23
0.000036942717535 22
0.000060215774186 27
0.000049313108381 28
0.000062180970171 30
0.000065589647902 31
0.000062331446679 30
0.000045680740231 24
0.000054053123107 29
0.000021551064089 26
0.000010056006022 15
0.000018215281126 22
0.000008834273143 10
0.000005121030230 9
0.000007008435302 11
0.000001725240907 5
0.000008613225314 12
0.000022735014146 27
0.000022448133103 26
0.000014095707197 19
0.000013596682939 18
0.000017500559600 23
0.000013594154801 18
0.000013170952564 19
0.000015538524991 18
0.000011213193091 15
0.000017486432653 21
0.000001026796499 6
0.000015116094693 20
0.000016259032790 17
0.000010914915908 16
0.000014580735303 18
0.000010795598866 15
0.000013141303910 16
0.000016012473260 20
0.000009641220252 15
0.000016082048262 17
0.000008835558103 13
0.000011057968006 16
0.000000188766976 2
0.000000238887965 3
0.000000101010396 1
0.000000101010396 1
0.000000162830238 1
0.000000101010396 1
0.000000101010396 1
0.000000101010396 1
0.000000101010396 1
0.000000210433079 2
0.000000101010396 1
0.000000101010396 1
0.000000259028314 3
0.000000162055029 2
0.000000101010396 1
0.000000101010396 1
0.000000101010396 1
0.000000101010396 1
0.000000173599191 2
0.000000163071149 2
0.000000162830238 1
0.000000169460982 2
0.000000253235735 3
0.000000101010396 1
0.000000161905957 1
0.000000165344409 2
0.000000268330131 2
0.000000101010396 1
0.000000232186331 3
0.000000101010396 1
