0.001819772476159 1
0.001819772476159 1
0.003528065917999 1
0.003827161941789 1
0.008586344169570 2
0.001819772476159 1
0.001819772476159 1
0.005377009744417 2
0.001819772476159 1
0.001819772476159 1
0.001819772476159 1
0.001819772476159 1
0.001819772476159 1
0.001819772476159 1
0.001819772476159 1
0.003652038191433 1
0.003582947347205 1
0.003646640119961 1
0.013314792741268 4
0.005679233207881 2
0.022797194085324 3
0.006197699163290 1
0.004007791749855 1
0.004484512343184 1
0.007934079682128 2
0.004736103045266 2
0.002857587925922 2
0.007722939607499 3
0.001819772476159 1
0.003652038191433 1
0.001819772476159 1
0.010484067968997 2
0.004875533995642 2
0.002988131276188 2
0.004598758912970 2
0.001819772476159 1
0.001819772476159 1
0.001819772476159 1
0.009200022359590 2
0.007871301423049 2
0.006809904598426 2
0.001819772476159 1
0.001819772476159 1
0.004369604604616 1
0.014307966776383 3
0.005185153798227 2
0.001819772476159 1
0.003827161941789 1
0.001819772476159 1
0.006171925560579 1
0.003551798705709 1
0.018179872115473 4
0.005553964842105 2
0.001819772476159 1
0.006619570859234 2
0.004772283376598 2
0.004253906978271 1
0.008655375475330 4
0.001819772476159 1
0.003753576618032 1
0.001819772476159 1
0.001819772476159 1
0.001819772476159 1
0.001819772476159 1
0.001819772476159 1
0.001819772476159 1
0.001819772476159 1
0.001819772476159 1
0.001819772476159 1
0.001819772476159 1
0.001819772476159 1
0.001819772476159 1
0.001819772476159 1
0.001819772476159 1
0.001819772476159 1
0.001819772476159 1
0.001819772476159 1
0.001819772476159 1
0.001819772476159 1
0.001819772476159 1
0.001819772476159 1
0.001819772476159 1
0.001819772476159 1
0.001819772476159 1
0.001819772476159 1
0.001819772476159 1
0.001819772476159 1
0.001819772476159 1
0.001819772476159 1
0.001819772476159 1
