0.000000638494981 6
0.000000070469248 1
0.000000243324247 1
0.000000048343654 1
0.000000169139515 1
0.000003307682928 21
0.000000068158741 1
0.000000000000000 0
0.000000136575237 1
0.000000190403510 1
0.000000059159580 1
0.000000263140714 2
0.000000232850686 2
0.000000088515332 1
0.000000000000000 0
0.000000097149084 1
0.000000193358084 1
0.000000000000000 0
0.000000000000000 0
0.000000000000000 0
0.000000000000000 0
0.000000255608752 1
0.000000000000000 0
0.000001365258792 12
0.000000233443827 2
0.000000000000000 0
0.000000000000000 0
0.000000456266986 2
0.000000246499093 2
0.000000000000000 0
0.000000447142056 3
0.000000219319956 3
0.000000244008529 2
0.000000194873278 2
0.000000270103354 2
0.000000229794843 2
0.000000431277722 5
0.000000614425036 4
0.000000296300176 2
0.000000138166028 1
0.000000242026670 2
0.000000113567037 1
0.000000000000000 0
0.000002562412341 18
0.000000846349180 5
0.000000385543863 3
0.000000222738028 2
0.000000088322980 1
0.000001035104211 9
0.000001525444335 12
0.000000052642565 1
0.000000000000000 0
0.000000448133501 3
0.000000000000000 0
0.000000000000000 0
0.000000000000000 0
0.000000066067681 1
0.000000334801866 2
0.000000083712292 1
0.000000280641787 2
0.000000000000000 0
0.000000000000000 0
0.000000241949033 1
0.000000000000000 0
0.000000479659417 3
0.000000000000000 0
0.000000000000000 0
0.000000095985756 1
0.000000000000000 0
0.000000246655626 2
0.000000000000000 0
0.000000148371105 1
0.000000000000000 0
0.000000000000000 0
0.000000254332210 3
0.000000000000000 0
0.000000000000000 0
0.000000000000000 0
0.000000125374572 1
0.000000000000000 0
0.000000817189607 8
0.000002773453968 26
0.000002257042477 17
0.000000220048677 2
0.000000267856480 2
0.000000123919208 2
0.000004391820058 31
0.000000246992444 3
0.000000238166103 2
0.000000000000000 0
0.000000000000000 0
0.000003602452423 27
0.000000250482950 1
0.000000092857276 1
0.000000000000000 0
0.000000000000000 0
0.000000676127449 5
0.000000000000000 0
0.000000000000000 0
0.000000000000000 0
0.000000000000000 0
0.000000000000000 0
0.000000000000000 0
0.000000000000000 0
0.000000000000000 0
0.000000090580812 1
0.000000123886648 1
0.000000000000000 0
0.000000095999781 1
0.000000000000000 0
0.000000145787484 2
0.000000000000000 0
0.000000236119217 2
0.000000091006518 1
0.000000000000000 0
0.000000182130311 2
0.000000000000000 0
0.000000000000000 0
0.000000141683564 2
0.000000500873638 4
0.000000044654031 1
0.000000276436974 1
0.000000168045016 1
0.000000000000000 0
0.000000000000000 0
