0.000000592712597 180
0.000000308246546 180
0.000000016859898 180
0.000000096039227 180
0.000000134544409 180
0.000004095858645 180
0.000001749771192 180
0.000000123540118 180
0.000000308118866 180
0.000000101702396 180
0.000000467639891 180
0.000000523760475 180
0.000000187918662 180
0.000000148884323 180
0.000000093902161 180
0.000000106298067 180
0.000000363507383 180
0.000000258743766 180
0.000000704642706 180
0.000000219279466 180
0.000000142080722 180
0.000000330688310 180
0.000000316173366 180
0.000001320435086 180
0.000000289166668 180
0.000000381865172 180
0.000000201862178 180
0.000000380275066 180
0.000000187908820 180
0.000000082059639 180
0.000002642351485 180
0.000001189320770 180
0.000000405941314 180
0.000000301580039 180
0.000000209322490 180
0.000000419302917 180
0.000000662708466 180
0.000000622525606 180
0.000000420778518 180
0.000000437065844 180
0.000000310031778 180
0.000000409205723 180
0.000000350401843 180
0.000002425583402 180
0.000000938091745 180
0.000000126786078 180
0.000000307253230 180
0.000000381604028 180
0.000004513888540 180
0.000001123297820 180
0.000000063663755 180
0.000000087133259 180
0.000000437007429 180
0.000000172855286 180
0.000000064270132 180
0.000000137776760 180
0.000000648698891 180
0.000001109722952 180
0.000000284602299 180
0.000000163857712 180
0.000000135290935 180
0.000000549101738 180
0.000000657862523 180
0.000000512581041 180
0.000000400606053 180
0.000000210296416 180
0.000000228485288 180
0.000000114375002 180
0.000000323343436 180
0.000000465044348 180
0.000000032420841 180
0.000000217326286 180
0.000000044566474 180
0.000000267806261 180
0.000000181883101 180
0.000000004821918 180
0.000000070603288 180
0.000000120408897 180
0.000000203051821 180
0.000000059817893 180
0.000000145354249 180
0.000002435908695 180
0.000003484365042 180
0.000000557977478 180
0.000000052294799 180
0.000001152749690 180
0.000004834005910 180
0.000002040288449 180
0.000000692151879 180
0.000000237102641 180
0.000000830884423 180
0.000002794854909 180
0.000000538083172 180
0.000000401178670 180
0.000000164706611 180
0.000000091491837 180
0.000000164146929 180
0.000000062301365 180
0.000000065692325 180
0.000000027721801 180
0.000000003101711 180
0.000000006484060 180
0.000000006530603 180
0.000000010390449 180
0.000000002993225 180
0.000000160145366 180
0.000000294265459 180
0.000000224116179 180
0.000000051918435 180
0.000000004571796 180
0.000000543860209 180
0.000001467255938 180
0.000000425326679 180
0.000000339510168 180
0.000000124229193 180
0.000000374570960 180
0.000000984936097 180
0.000000367666313 180
0.000000460627247 180
0.000000364296917 180
0.000000201772599 180
0.000000164312374 180
0.000000159130843 180
0.000000194179061 180
0.000000077759985 180
