0.002033093243938 1
0.002033093243938 1
0.003161091228551 1
0.003337314448086 1
0.006886664521777 2
0.002033093243938 1
0.002033093243938 1
0.006936636692560 3
0.002033093243938 1
0.002033093243938 1
0.002033093243938 1
0.002033093243938 1
0.002033093243938 1
0.002033093243938 1
0.002033093243938 1
0.003234715648303 1
0.003193788748082 1
0.003231527377400 1
0.011449979335910 4
0.005143458496728 2
0.018440503176390 4
0.004602207864971 1
0.003441512360827 1
0.003709278010425 1
0.006670508534159 2
0.009002045178968 3
0.002033093243938 1
0.007024033967536 3
0.002033093243938 1
0.003234715648303 1
0.002033093243938 1
0.008038332613551 2
0.004611655927709 2
0.003282593488617 2
0.004521319216642 2
0.002033093243938 1
0.002033093243938 1
0.002033093243938 1
0.007511686473512 2
0.006568435016962 2
0.005864732860277 2
0.002033093243938 1
0.002033093243938 1
0.003645641808168 1
0.010761864435589 3
0.004648789663005 2
0.002033093243938 1
0.003337314448086 1
0.002033093243938 1
0.006411653725773 2
0.003175251517216 1
0.017980104956064 5
0.005210332232985 2
0.002033093243938 1
0.005783237200643 2
0.004665885618811 2
0.006349295835283 2
0.008483822644721 4
0.002033093243938 1
0.003294398204150 1
0.002033093243938 1
0.002033093243938 1
0.002033093243938 1
0.002033093243938 1
0.002033093243938 1
0.002033093243938 1
0.002033093243938 1
0.002033093243938 1
0.002033093243938 1
0.002033093243938 1
0.002033093243938 1
0.002033093243938 1
0.002033093243938 1
0.002033093243938 1
0.002033093243938 1
0.002033093243938 1
0.002033093243938 1
0.002033093243938 1
0.002033093243938 1
0.002033093243938 1
0.002033093243938 1
0.002033093243938 1
0.002033093243938 1
0.002033093243938 1
0.002033093243938 1
0.002033093243938 1
0.002033093243938 1
0.002033093243938 1
0.002033093243938 1
0.002033093243938 1
