0.000000000000000 0
0.000000000000000 1
0.000000000000000 2
0.000000000000000 3
0.000000000000000 1
0.000000000000000 0
0.000000000000000 1
0.000000000000000 2
0.000000000000000 2
0.000000000000000 1
0.000000000000000 2
0.000000000000000 2
0.000000000000000 2
0.000000000000000 0
0.000000000000000 0
0.000000000000000 0
0.000000000000000 2
0.000000000000000 3
0.000000000000000 0
0.000000000000000 0
0.000000000000000 0
0.000000000000000 0
0.000000000000000 1
0.000000000000000 0
0.000000000000000 1
0.000000000000000 1
0.000000000000000 2
0.000000000000000 1
0.000000000000000 2
0.000000000000000 0
0.000000000000000 0
0.000000000000000 2
0.000000000000000 3
0.000000000000000 1
0.000000000000000 0
0.000000000213639 2
0.000000000000000 2
0.000000000000000 18
0.000000000000000 2
0.000000000000000 1
0.000000000000000 2
0.000000000000000 0
0.000000000000000 1
0.000000000000000 1
0.000000000000000 2
0.000000000000000 1
0.000000000000000 1
0.000000000000000 1
0.000000000000000 2
0.000000011470042 2
0.000000000000000 1
0.000000000000000 2
0.000000000000000 1
0.000000000000000 1
0.000000000000000 0
0.000000000000000 1
0.000000000000000 2
0.000000000000000 17
0.000000000000000 1
0.000000000000000 0
0.000000000000000 0
0.000000000000000 61
0.000231317562145 62
0.000000000000000 8
0.000000000000000 1
0.000000000000000 0
0.000000000000000 0
0.000000000000000 35
0.000000000000000 0
0.000000000000000 0
0.000000000000000 0
0.000000000000000 1
0.000000000000000 0
0.000000000000000 0
0.000000000000000 0
0.000000000000000 2
0.000000000000000 3
0.000000000000000 2
0.000000000000000 0
0.000000000000000 0
0.000000000000000 1
0.000000000000000 2
0.000000000000000 1
0.000000000000000 0
0.000000000000000 0
0.000000000000000 0
0.000000000000000 2
0.000000000000000 24
0.000000000000000 0
0.000000000000000 0
0.000000000000000 2
0.000000000000000 3
0.000000000000000 1
0.000000000000000 1
0.000000000000000 1
0.000000000000000 1
0.000000000000000 3
0.000000000000000 3
0.000000000000000 1
0.000000000000000 1
0.000000000000000 2
0.000000000000000 1
0.000000000000000 1
0.000000000000000 0
0.000000000000000 0
0.000000000000000 1
0.000000000000000 2
0.000000000000000 1
0.000000000000000 0
0.000000000000000 0
0.000000000000000 0
0.000000000000000 0
0.000000000000000 0
0.000000000000000 0
0.000000000000000 0
0.000000000000000 0
0.000000000000000 1
0.000000000000000 0
0.000000000000000 0
0.000000000000000 1
0.000000000000000 0
0.000000000000000 2
0.000000000000000 2
0.000000000000000 1
0.000000000000000 1
