0.000431977905104 1
0.001331163589415 2
0.002136250088975 1
0.000950572141711 1
0.005176188910689 2
0.001845809818579 2
0.000431977905104 1
0.003651411814150 2
0.000431977905104 1
0.000888281132610 1
0.001048800874648 1
0.000856846812764 1
0.000431977905104 1
0.000431977905104 1
0.000431977905104 1
0.001835060290458 2
0.004450726241687 3
0.002493691255637 2
0.003359357210292 2
0.002194260586775 1
0.013734822744579 5
0.005474897952610 4
0.004640097884085 3
0.003358301375601 2
0.001507480901474 1
0.006249712338055 3
0.001606177274866 2
0.002087393748918 2
0.000431977905104 1
0.002092685113322 3
0.002240002561881 2
0.005562086895249 3
0.002080234413689 2
0.000431977905104 1
0.002061584716379 2
0.000431977905104 1
0.000431977905104 1
0.000431977905104 1
0.005237314446333 3
0.004682676323233 2
0.003836827492449 2
0.001527417948139 1
0.001900917072089 2
0.003962374664740 2
0.011671654444857 3
0.004340986787387 2
0.002500258594317 3
0.002915746356307 2
0.001331163589415 2
0.003423451019526 2
0.001149607753081 2
0.011516999601844 3
0.002413844337331 2
0.000431977905104 1
0.002087393748918 2
0.002002530839742 2
0.003017979871772 2
0.006271184143880 5
0.002343966912792 2
0.003228161411313 1
0.000431977905104 1
0.000431977905104 1
0.000431977905104 1
0.000431977905104 1
0.000431977905104 1
0.000431977905104 1
0.000431977905104 1
0.000431977905104 1
0.000431977905104 1
0.000431977905104 1
0.000431977905104 1
0.000431977905104 1
0.000431977905104 1
0.000431977905104 1
0.000431977905104 1
0.000431977905104 1
0.000431977905104 1
0.000431977905104 1
0.000431977905104 1
0.000431977905104 1
0.000431977905104 1
0.000431977905104 1
0.000431977905104 1
0.000431977905104 1
0.000431977905104 1
0.000431977905104 1
0.000431977905104 1
0.000431977905104 1
0.000431977905104 1
0.000431977905104 1
