# xi_x xi_y xi_z eigen_value_1 eigen_value_2 eigen_value_3 eigen_vector_1_x eigen_vector_2_x eigen_vector_3_x eigen_vector_1_y eigen_vector_2_y eigen_vector_3_y eigen_vector_1_z eigen_vector_2_z eigen_vector_3_z local_bandwidth scaling_factor
27.528104691935329 11.163922174421966 10.475869799309928 11.492666325747827 5.498544154133715 9.238808452104479 0.999232256265244 -0.031174343607389 0.023728850366558 -0.024264408793387 -0.967966486108392 -0.249904222126957 -0.030759331998232 -0.249136593200638 0.967979762920384 0.718700812612338 5.836862613527399
28.481786398402917 8.837814191916198 12.220913249566523 13.209725847727075 4.916382669613387 9.146540218537938 0.952901033816703 0.281855796064306 0.111968432944357 0.280536558113093 -0.959443652068178 0.027696896362890 -0.115233932993358 -0.005018837617814 0.993325702856746 0.722856494594009 6.098577055211216
25.900176835051180 9.877251407044689 9.820004930985428 11.615610601950179 7.361150900019645 6.738368772619095 0.759828546165654 0.646350243155294 -0.069942430647505 0.606858070340593 -0.666554956648026 0.432929292414410 -0.233203479592998 0.371397163345442 0.898710344974774 0.715540395632259 9.403056690162492
24.821197003876744 11.729432401640329 10.171297639694917 10.919497771922632 5.749815544940465 9.182961059243441 -0.989945415456358 0.102103058699753 -0.097893001900514 0.125833550155906 0.951782120378235 -0.279779757994518 -0.064606439865545 0.289284912728723 0.955060336939732 0.715703404615324 7.556472170864532
25.522075450293986 10.527845314468969 10.144696795331345 11.609875730706506 7.357516545006936 6.735041898240500 0.759828546165654 0.646350243155294 -0.069942430647505 0.606858070340593 -0.666554956648026 0.432929292414410 -0.233203479592998 0.371397163345442 0.898710344974774 0.715187118290308 9.398414203317591
24.667348654748533 9.756024333028105 11.776769464175697 13.372555640789146 7.825816496770592 5.398175908052353 0.331544814720238 -0.921185326597330 -0.203704761588658 -0.883266267293530 -0.227200090952488 -0.410147314671858 -0.331539947658616 -0.315907759849217 0.888978936968459 0.710859347910609 10.155647184822241
24.626135403301802 6.963966346480627 8.984303269928880 15.777377855642033 10.235510182421335 3.615239720532657 0.794126726347110 -0.535404367361123 0.287584606527987 0.409329915571687 0.820958323638267 0.398091008523330 0.449234641049972 0.198417726677034 -0.871101970506909 0.718699126684656 11.397479026715454
25.307237190880720 9.117412077226520 11.027993678149631 10.332000134608633 7.677392541601948 7.129358658665108 0.588534628758088 0.755979405447530 0.286569588916511 0.698405729451884 -0.653953323912155 0.290816930753740 -0.407254745609380 -0.028986008408243 0.912854524825942 0.711109009546671 10.137279268465177
28.539509247975214 10.054416354346856 8.270457991951417 12.086922146691110 6.090467541688893 8.052731685508023 0.886203917155726 0.393291214670902 -0.244876780607174 0.232266099699412 -0.834486605107677 -0.499684465264118 0.400867903614483 -0.385945755720349 0.830873514738061 0.722364684259396 5.788602490703480
23.625632299948332 11.747371903657065 11.822791947443358 13.634415730121109 5.132579691505532 8.111889541931893 -0.668813730303936 -0.739353583925392 0.077746203081645 -0.158144063800068 0.039307205423517 -0.986633365889576 -0.726414929115401 0.672169042383292 0.143213579034232 0.712007765959720 7.742866859370327
24.309894851393832 8.944238872320259 10.449713558938260 17.239187221165277 6.939714656493276 4.718039126207938 0.823625633942803 0.538982466249471 -0.176461656424147 0.248020514304239 -0.622126468304517 -0.742593079633260 0.510026116582844 -0.567852585193187 0.646078015330066 0.710656865583978 11.961409921026732
20.038407063552146 10.185931306481793 9.586260396625450 14.783320817515357 4.743953232462193 8.255061696783114 0.928868985963008 0.367347313445592 0.047522186611728 0.307229835166862 -0.835736621476198 0.455141876679013 -0.206911177318667 0.408166939900645 0.889149882681625 0.716689240856314 6.096788977053587
26.460581361455443 9.539388192907104 11.429878671110318 18.348683537470773 4.670022036661935 6.760612883383491 0.872768533591502 0.411280996292363 0.262912587871521 0.206158021655443 0.177644097606406 -0.962258512403356 0.442463509093860 -0.894030489790123 -0.070253302029015 0.716841730712747 8.228042677108212
23.395394498849328 8.311304565675275 8.753053353485013 14.488445786928525 8.891615542378460 4.497284209367999 0.800558234700559 -0.543046942314127 -0.253390077344005 -0.559426044382965 -0.828833038088167 0.008848493632689 0.214823215037745 -0.134669274212106 0.967323716686421 0.716865335306353 8.265917206431146
20.587459618749975 9.393917999284273 12.319875979781889 19.742813594995077 9.863095381556258 2.962841905847377 0.974377199486916 0.224670494479562 0.010594433932152 0.135702174851195 -0.549659100701125 -0.824293511291389 0.179371103750547 -0.804610490813250 0.566063569939429 0.715863515645613 7.124432955865951
23.123851396777628 10.924597063001304 8.510166844186232 13.899770661898977 7.558684489441924 5.506247329380935 0.692988295654066 -0.622633405430596 0.363448572054386 0.718803566663175 0.635566394093892 -0.281738870677773 0.055575665886908 -0.456489869701822 -0.887991184765277 0.716511501077040 9.267117209694939
20.772204304884099 8.935104794181461 9.747007745121875 17.611400447967199 7.123224612443720 4.580924276858004 0.951828931139048 0.306479095794530 0.009604670096635 0.129022687224595 -0.428726694477302 0.894173678668697 -0.278163318983727 0.849861156474123 0.447617227872681 0.714926164387683 7.027327006776845
24.773804995718525 8.595983806440426 9.392546896023152 15.711858525724939 10.193004781673007 3.600226574105777 0.794126726347110 -0.535404367361123 0.287584606527987 0.409329915571687 0.820958323638267 0.398091008523330 0.449234641049972 0.198417726677034 -0.871101970506909 0.715714556902324 11.350148272808999
23.943635543322689 10.079102754128282 10.509375308017198 11.210324231062115 7.523260872559249 6.681908686762417 0.130187464382072 -0.822593041266045 0.553526794815251 0.910966529990629 0.319622237320792 0.260732826178223 0.391396481019693 -0.470300238008370 -0.790965537033486 0.710277821314479 9.224529571636653
24.604943795479564 9.568625624503712 9.245659652991176 14.986316758490149 5.141400400936036 7.463269430736513 0.905260815658921 0.394400863371533 0.157958268553235 0.412330743090525 -0.725980187311056 -0.550396335320485 0.102402216455319 -0.563383285697752 0.819825017586951 0.715080818300383 10.108479795852201
22.655079104448099 9.033000655854726 9.572416822074265 18.106882478842149 6.996292695993765 4.475539602766267 0.981247527330303 0.187733430803978 0.043697243239531 0.146394091016779 -0.873321948990372 0.464626240678493 -0.125387639835581 0.449516331594555 0.884428067966093 0.711714251914760 8.649517175302885
20.547434795336645 9.522199251988681 10.210996430755648 17.612043297702854 7.123484623739962 4.581091489338870 0.951828931139048 0.306479095794530 0.009604670096635 0.129022687224595 -0.428726694477302 0.894173678668697 -0.278163318983727 0.849861156474123 0.447617227872681 0.714952260557442 7.027583517627416
20.739603306067909 8.921034329645117 10.550343950968259 21.073842072751283 6.929720037872785 3.931775517179337 0.973873504769291 0.227090888136773 -0.000353883637393 0.018451349517939 -0.077574770932753 0.996815781684709 -0.226340328729424 0.970779008549311 0.079738147399306 0.714720136752053 7.784263091777406
24.103890791592278 10.153387395186474 10.867039684022860 11.210535731925386 7.523402811020293 6.682034751756293 0.130187464382072 -0.822593041266045 0.553526794815251 0.910966529990629 0.319622237320792 0.260732826178223 0.391396481019693 -0.470300238008370 -0.790965537033486 0.710291221852169 9.224703607278036
26.278801369086601 10.478467542350213 8.531536348646364 13.440073294794779 8.600795394392614 5.015316305111397 0.967940201006001 0.240459973265328 0.072600058772011 0.158345380507829 -0.808517987291123 0.566767504977608 -0.194983352490136 0.537101168760551 0.820672789099138 0.717022588030292 7.033078141313812
22.630379818119373 9.311627860145217 8.964441834468820 18.228731187778632 7.043373646198458 4.505657361747053 0.981247527330303 0.187733430803978 0.043697243239531 0.146394091016779 -0.873321948990372 0.464626240678493 -0.125387639835581 0.449516331594555 0.884428067966093 0.716503671784737 8.707723357508248
23.376894935745256 8.614395519296146 10.066792224596176 19.019622450694570 2.716840152304534 10.948474527392648 0.917332290133470 -0.275444292878356 -0.287457668186513 0.028283008724851 -0.675121900165495 0.737163815806502 0.397116533143553 0.684354339094650 0.611520725459383 0.711202334845234 10.278288163677241
25.801652973908375 8.173088077901117 10.553769086516988 16.345130491973872 7.978473876317798 4.439735722781785 0.475658100307363 0.822690659541301 -0.311334948753733 0.622997557850287 -0.564944785767304 -0.541028124913034 0.620985840840650 -0.063383497361968 0.781254835337098 0.716707181734802 10.980417124017835
26.976504387591199 11.401813053042913 12.254604897392216 13.546166998439993 6.669664621426402 6.476968844897949 0.923807243766792 -0.366650001028077 0.110217753153083 -0.348487683053158 -0.686062484485040 0.638650610382904 0.158544981390911 0.628399589535453 0.761562502193635 0.719256927169477 6.360095998179133
23.640150328375299 11.253961496093414 8.726653364091847 13.735683958752539 7.887736753169847 5.331136505742870 0.839353568776919 -0.470077780115523 0.272969718509420 0.516391108379360 0.846380643612084 -0.130307441481794 0.169781653214317 -0.250333151541014 -0.953156599657872 0.716133753132203 9.124070249800168
33.370371105140386 72.173848898564657 35.968230530268201 6.243551677189564 2.807625028028486 44.270862110235115 0.854571866030602 -0.519208660306931 -0.011370701440835 -0.511693510014431 -0.845540531539056 0.152417063788027 0.088750648437553 0.124433020484652 0.988250851664181 0.790222834648616 2.055568039097441
34.256484516681709 70.633719026524986 49.766390364837129 6.788195821207741 4.229813389289143 25.304467169222651 0.939062924149776 -0.342559630095128 0.028525853472956 -0.328213853507339 -0.918203359380395 -0.221761712629616 -0.102159144735724 -0.198885622033485 0.974683547873472 0.773055899691208 2.011627808407439
33.225685161339797 73.175776728308790 40.105000207208207 34.652933109421070 2.420192489732622 8.624757052522520 -0.246327918599039 0.816913748816744 0.521511729027103 -0.185382399546325 0.488443006270336 -0.852676254837698 0.951291712597724 0.306717062811592 -0.031124281889202 0.771908049704259 2.151312528039463
30.603307811876999 73.348768110575577 44.019893634447016 32.056672417408002 3.894173968821875 5.574409397372842 0.173775491782565 -0.823629502396539 0.539848609554344 0.230549804133437 -0.498929493512685 -0.835413758755032 -0.957417811757104 -0.269636427964039 -0.103185902356050 0.762016180710472 1.898014246531389
30.913858803250740 71.723858206276901 27.295150015142664 7.712706708530797 2.952668967357969 56.930139973081360 0.885615269151258 -0.463640952558560 0.026882376322345 -0.461960704457394 -0.873500651796345 0.153586844646894 0.047727377713146 0.148437456263411 0.987769415903669 0.937651068159212 2.395352880192570
31.670816498880374 69.264469882913659 59.436211856492925 64.850981257307794 7.903611608940575 2.220179315610783 0.042280463155429 0.909772687121636 0.412947963069004 0.132880675857474 0.404525193572513 -0.904821581168786 0.990229815961438 -0.093129079951420 0.103787696999108 0.897766456814348 1.679457801609728
36.321041646360264 72.632768969865907 59.229420264803849 65.408513147242829 7.971559933425621 2.239266471207025 0.042280463155429 0.909772687121636 0.412947963069004 0.132880675857474 0.404525193572513 -0.904821581168786 0.990229815961438 -0.093129079951420 0.103787696999108 0.905484665848103 1.693896307612937
36.396629177932972 68.468500096870557 49.060446582753855 7.668236922299017 3.554520986769414 27.053046148209933 0.964716027169061 0.262014569252405 0.025910469363192 0.263132226286543 -0.962882716369774 -0.060152356610965 -0.009187949315907 -0.064847821982253 0.997852865692897 0.776874565264662 2.226645764066910
34.684478670410911 71.426991686098773 37.319966290486192 36.716797830613956 3.293228573031755 6.126148059687486 -0.034931527219516 0.946081191486939 -0.322040630232841 0.039263686838462 0.323287677087638 0.945485822600810 -0.998618120855997 -0.020382761293123 0.048439567918224 0.778056909857846 1.946413533845327
34.639941135847280 71.092004700416098 38.449899069091657 33.280506089170260 2.809010120173813 7.792977746930744 -0.093652110319505 0.856184447974953 0.508111674023073 -0.005931581188403 0.509865810742645 -0.860233498173810 0.995587313387082 0.083576588118751 0.042671481590403 0.773752735331826 1.916862709944513
33.530350804478232 68.044958210723607 43.764255311556298 6.480121222605391 4.116704899182596 25.696469339088608 0.905502388917289 -0.424256834069847 0.008459456845015 -0.402814920629633 -0.865665555426019 -0.297259627038561 -0.133437488672506 -0.265761706974485 0.954759211384097 0.758208678106275 1.724148345508710
32.733907977904664 68.764864276164914 53.263858966870302 8.016928205418841 2.395446982053057 45.407472536006317 0.897260582468292 0.440958293815074 0.021891328519755 0.436632488397705 -0.893617609388387 0.103921308048984 -0.065387439346470 0.083686028144986 0.994344573811829 0.821537273201741 1.881174974589690
34.195527923872334 73.288507612086619 35.648464482783623 6.538982927139166 2.503330244062307 48.266481196785350 0.885615269151258 -0.463640952558560 0.026882376322345 -0.461960704457394 -0.873500651796345 0.153586844646894 0.047727377713146 0.148437456263411 0.987769415903669 0.794958833262161 2.030826813462033
33.958935733754380 68.630874097355900 44.074618362411101 6.475836601250589 4.113982956009540 25.679478971549003 0.905502388917289 -0.424256834069847 0.008459456845015 -0.402814920629633 -0.865665555426019 -0.297259627038561 -0.133437488672506 -0.265761706974485 0.954759211384097 0.757707354599814 1.723008347881159
31.869288010864842 70.056603626389318 33.256673393426240 44.755098320479696 3.494502495208456 5.679759772805754 -0.117676016641357 0.849248632620193 -0.514712652943520 -0.006030370924051 0.517693205178877 0.855545077677465 -0.993033730410978 -0.103781045014756 0.055798789966304 0.826620026457298 1.928407722862878
32.629586611818922 71.025339577203880 46.764332949465000 20.432157497754570 6.677462569369030 4.952800686312479 0.112420858925969 -0.993247970275275 0.028635991730563 -0.172487533405437 0.008874365454134 0.984971723684236 0.978575291583665 0.115670718774597 0.170325228665962 0.754591931294267 1.873347690269094
30.348127327827413 68.056231225118466 43.960067126616451 33.626375911321837 4.035147788009088 5.107717104099113 0.065027092086190 0.941179060888175 -0.331592298825630 0.357595223706203 0.288247962055696 0.888278542098845 -0.931609968429560 0.176337992833053 0.317817210053648 0.760983823466813 2.011100574466950
34.129263328952668 70.296392045020184 44.393917012645367 6.515750731451370 4.139339687727917 25.837755674664194 0.905502388917289 -0.424256834069847 0.008459456845015 -0.402814920629633 -0.865665555426019 -0.297259627038561 -0.133437488672506 -0.265761706974485 0.954759211384097 0.762377520304697 1.733628192662462
31.376747031466746 71.679548424919176 63.831447748639420 74.448048881743262 9.073239170739859 2.548735809548005 0.042280463155429 0.909772687121636 0.412947963069004 0.132880675857474 0.404525193572513 -0.904821581168786 0.990229815961438 -0.093129079951420 0.103787696999108 1.030623743318803 1.927994828836560
32.179173601267053 67.659948946369724 51.170162880958529 41.723829678043266 7.512464492352795 2.509525924821394 0.063931211627657 0.956845396636466 -0.283477842371188 -0.016959109312515 0.285059604720820 0.958359749972700 -0.997810196776494 0.056461568274484 -0.034451451592638 0.793790817945008 2.164747368522148
31.675617834424056 73.046802084249123 39.317583946753686 29.243524776754168 3.479981325658521 7.154746126213798 -0.178493036625557 0.842748193757890 0.507854031975725 -0.153960158132839 0.485863416341979 -0.860367950570111 0.971821231288913 0.231758975183949 -0.043026408608982 0.773606772627053 1.791083923556742
31.820150224354357 69.824923902947901 31.735614613409858 46.714297093159743 3.647477804316577 5.928396884410679 -0.117676016641357 0.849248632620193 -0.514712652943520 -0.006030370924051 0.517693205178877 0.855545077677465 -0.993033730410978 -0.103781045014756 0.055798789966304 0.862806137137046 2.012825681612637
30.959480121752229 68.079580034425049 51.266359221065073 41.783719104720490 7.523247711315477 2.513128040687289 0.063931211627657 0.956845396636466 -0.283477842371188 -0.016959109312515 0.285059604720820 0.958359749972700 -0.997810196776494 0.056461568274484 -0.034451451592638 0.794930207050831 2.167854597168277
36.431247122312861 69.114359147402652 35.621799552555657 43.515992655731708 3.120162472059811 5.865273027182828 -0.120403920364288 0.971486462601923 -0.204247274013910 0.065087773802099 0.213026731997077 0.974875988603747 -0.990588954946701 -0.104084890526189 0.088881144804475 0.797060747963284 1.972862966076661
30.820833248533948 70.155690569878630 49.494208069257610 24.744093131398440 6.825227086659202 4.316803900442076 0.124550651366256 -0.979992489486715 -0.155247723957136 -0.221507372441702 -0.179980157392394 0.958405773615217 0.967171969816234 0.084981547965655 0.239492207195029 0.773933476700491 1.962271259907297
30.252965365377129 68.221337642132212 48.443629764015469 7.585278690523689 3.516066674668912 26.760374847709873 0.964716027169061 0.262014569252405 0.025910469363192 0.263132226286543 -0.962882716369774 -0.060152356610965 -0.009187949315907 -0.064847821982253 0.997852865692897 0.768470007489697 2.202556968004824
34.637544285882093 70.563612520949917 51.880297923523017 7.744601192080553 2.314076049756097 43.865026219646303 0.897260582468292 0.440958293815074 0.021891328519755 0.436632488397705 -0.893617609388387 0.103921308048984 -0.065387439346470 0.083686028144986 0.994344573811829 0.793630475707173 1.817273346775377
31.842294592025976 71.523684235037607 43.187276529430214 31.830988012015943 3.866758324265781 5.535164610706375 0.173775491782565 -0.823629502396539 0.539848609554344 0.230549804133437 -0.498929493512685 -0.835413758755032 -0.957417811757104 -0.269636427964039 -0.103185902356050 0.756651457684841 1.884651904642732
31.571313136373373 71.212065497855619 29.657571582155352 7.308244535625558 2.797828007946593 53.944665614015769 0.885615269151258 -0.463640952558560 0.026882376322345 -0.461960704457394 -0.873500651796345 0.153586844646894 0.047727377713146 0.148437456263411 0.987769415903669 0.888479693856190 2.269738142408503
33.031082828599054 69.189935928391620 33.104502222497992 44.828228644092874 3.500212550776018 5.689040562834547 -0.117676016641357 0.849248632620193 -0.514712652943520 -0.006030370924051 0.517693205178877 0.855545077677465 -0.993033730410978 -0.103781045014756 0.055798789966304 0.827970732685382 1.931558762322589
89.646006088746518 18.625048706581982 79.356381597167115 3.386385073134125 9.966391664774386 17.382643609315721 0.664889519177907 0.713817895059885 0.219968043087278 0.743907476369149 -0.606306009447215 -0.281059939355074 0.067257667885937 -0.350509679752884 0.934140979997171 0.719863271678147 30.066731927514514
87.776596847775579 20.625231451027187 78.397942344393257 2.290263993252956 18.206310291776234 14.160703490708110 0.651693518887510 0.731767594705146 0.199528806891288 0.714949125371029 -0.504813702010775 -0.483746704788132 0.253265286944768 -0.457907538266867 0.852160419655339 0.721413195177663 23.814534801548469
88.895616660571548 20.052165079260973 79.260437003608686 2.262612905631654 14.776639023491283 17.521391137660906 0.604611784721670 0.709532264116489 0.361951040823763 0.759632835758275 -0.376954674569147 -0.529965214102124 0.239588281461174 -0.595373109485302 0.766895244403226 0.719512173647982 30.735634581298889
91.543014595406731 18.707143090276553 80.267050869349177 4.857345774929107 10.495224512073483 11.561070620898194 0.245745679979372 0.929191902838649 0.276064246997991 0.691560166127859 -0.367626716978106 0.621767748913618 -0.679230150535652 -0.038118298269873 0.732934784234126 0.720968426413842 25.508536231638182
89.960717181772509 18.831906502258803 80.523276660531749 2.406722001631098 16.951237798128261 14.373797663207212 0.391251420284422 0.837797466413400 0.380811937045979 0.380311897451063 -0.524005537274139 0.762089927477862 -0.838024574092308 0.153341456160194 0.523642254826782 0.719757613130385 34.246661292948005
89.828453668777755 20.771790551213666 80.823504153963725 14.360823339601865 10.172920530966660 4.013201921616163 0.634841626104338 0.717842118444138 -0.285795036263459 0.202518676297348 -0.511558193785224 -0.835041555925194 0.745628792037948 -0.472240306791818 0.470134871207401 0.719711835174468 21.318678908476915
92.163235949280690 21.336527949436391 79.630818162057551 9.983913978575323 8.212464883233100 7.220536666236510 0.390785787006245 0.875008168892353 0.285739694557061 0.470116499875591 0.077158933902731 -0.879225213164248 0.791376614020552 -0.477919661962810 0.381203163012481 0.722051078930838 12.110122471985177
89.760620822424073 21.099659595887115 80.655263730722595 14.363301316224987 10.174675880132128 4.013894404234358 0.634841626104338 0.717842118444138 -0.285795036263459 0.202518676297348 -0.511558193785224 -0.835041555925194 0.745628792037948 -0.472240306791818 0.470134871207401 0.719836022281347 21.322357471099810
90.640131526097591 18.383043955689164 79.975673875601061 4.853094153833859 10.486038071576450 11.550951248299858 0.245745679979372 0.929191902838649 0.276064246997991 0.691560166127859 -0.367626716978106 0.621767748913618 -0.679230150535652 -0.038118298269873 0.732934784234126 0.720337364777964 25.486208681618766
89.261969090794310 20.279924599043238 79.901849610357047 15.938891761380299 3.823802819268177 9.601247270163485 0.776283503247921 -0.622739177359231 -0.097876654862553 -0.199577474659427 -0.390066655431135 0.898897566983766 0.597957150800709 0.678265376753610 0.427087022167125 0.719250874197703 26.125453641346951
90.910178908092590 20.317218215191303 80.786327962108970 9.800130925255560 7.264812411550088 8.245330726939946 0.249560728570997 0.770774473211342 0.586196344411061 -0.880453531142913 -0.071406125373420 0.468724593719095 -0.403138961467492 0.633093892487468 -0.660810941981123 0.720014812268734 16.730964967327619
89.533580903264053 19.055553744081749 79.589950306797448 2.901531784419172 17.314360561472078 11.658279862601653 0.816919505893738 0.574584135213582 0.049955905068296 0.400116150184175 -0.626983410913114 0.668430152522724 -0.415390884892924 0.526065465508446 0.742095370385273 0.719464548063637 37.732102629889859
89.982979586138555 20.379151735555080 82.259308950690851 4.464769162730263 10.284043356792065 12.851838034884924 0.245003433617839 0.913837911960609 -0.323841918501826 0.721566605041339 0.051223051816626 0.690447560247487 -0.647545328146675 0.402835536697131 0.646845096116024 0.721266942081838 20.952548189454909
89.957742848339350 19.044054999507225 79.654018224300614 4.478970499388429 10.469331156448577 12.490843248114491 0.840151934463545 0.507033284075235 -0.192514871781495 0.539149113059873 -0.742289434873246 0.397900274895997 -0.058846927735575 0.438090908049277 0.897002450041606 0.719475941005508 30.206438151524850
89.536404025353903 20.481481473773464 78.459202985555379 14.223367012191057 7.579092868355310 5.444730085881916 0.942786466077154 -0.308882822300319 0.125479406555583 -0.237738639969868 -0.358985340003313 0.902557402455924 0.233739210332861 0.880750207351946 0.411879902158961 0.719977034056922 17.579871614355412
90.063261994200332 20.156506537965374 80.232181036200274 2.379137964131191 11.961198506917849 20.563216142591859 0.642223832236319 -0.685687023416863 -0.342610354813481 0.217676032087522 0.591715520382725 -0.776202221069247 -0.734959654921499 -0.423917502417537 -0.529271439605188 0.719253137822883 37.926333480936137
89.402683931034630 19.762078270263991 78.575939091017474 3.098125007465369 17.553922607742130 10.784255230139321 0.677981432343199 0.648010368199768 -0.347021238692196 0.689998001869632 -0.723802652754706 -0.003532319516371 0.253463872798039 0.237049114258737 0.937850618497086 0.719793192257643 28.595625345129864
89.506680116637810 19.457138523983282 80.416050046261432 3.863062307630116 10.222892671296611 14.823222784877514 0.440836786407779 -0.804022117430405 0.399012985292949 0.530952510694271 -0.124836933516746 -0.838155815715423 -0.723707371205457 -0.581346862649885 -0.371864849306873 0.719343008169839 30.927753860849936
88.843817568178082 20.781198101709993 81.494484544491371 3.843113748623037 11.718781629794298 13.065492813215917 0.303544679046769 -0.682056397410791 -0.665326760752495 0.848703279596362 0.510931458757891 -0.136571547746643 -0.433085870266825 0.523209437226191 -0.733954027015779 0.720582662603518 21.142692010891871
87.930014974986463 20.426258730778102 80.676908035030252 17.025464085821845 8.332194112490903 4.147628955658913 0.592644209409005 0.699054513963056 -0.400119516597043 -0.018251833467735 -0.484973593190975 -0.874338312372562 0.805257543664784 -0.525474452676161 0.274657765147187 0.720564267662155 19.343899573676861
89.362562974447769 19.602728185671204 79.867119422413040 2.907801483677717 18.650959647952750 10.788670532604923 -0.810710708894833 -0.585446470867360 -0.000759099592136 -0.383003739204417 0.529391854330404 0.757002245917442 0.442782432170330 -0.614000565404927 0.653411832953581 0.719224708747627 37.838876650915353
89.702209120598269 19.690987030952879 78.323996193670027 3.099151871544636 17.559740801821668 10.787829638625350 0.677981432343199 0.648010368199768 -0.347021238692196 0.689998001869632 -0.723802652754706 -0.003532319516371 0.253463872798039 0.237049114258737 0.937850618497086 0.720031765514645 28.605103277886066
91.152331564783125 21.079618592036820 79.186635740795793 4.466674101217770 9.471865091142774 13.905632563636717 0.528188071145177 0.737593209662811 -0.420682324990307 -0.822952043310090 0.322603569047067 -0.467628989317218 0.209206347684972 -0.593197432814242 -0.777399195903178 0.720537878740366 14.155145648096733
88.533575672197486 20.521064876452758 79.424212030186936 2.727333714951681 12.763433699702077 16.850009546920230 0.459672490802651 0.671868471655317 0.580770142134420 0.869376414000545 -0.206894862971032 -0.448752901334075 0.181344566995647 -0.711187227438560 0.679210479563894 0.719816774426269 23.506917954227877
90.141953163320778 19.680671582854906 80.691538751070183 2.345253403467647 10.188879572431173 24.511541356244095 0.483164259380876 0.875275130619414 -0.021112654406725 0.318643920220623 -0.153333251934169 0.935390274675617 -0.815486572889684 0.458674568262141 0.352986246001422 0.719474796981094 37.882332040636932
90.694749143656011 19.274402621536417 78.616636044604945 13.137369555387272 8.478970193066770 5.274814157001106 0.376444628808001 -0.819745456498191 -0.431632746663386 -0.667645564473594 -0.563052631663471 0.487053522947505 0.642291866428607 -0.104829006135762 0.759257556954322 0.720232762283823 17.814282876979544
88.417061602664916 20.610379379107204 78.811140742215969 2.666730141881450 13.967963631174111 15.778105265456379 0.469968541675989 -0.658885387084635 0.587366679784676 0.872467400319047 0.447698098578161 -0.195875082412292 0.133903716212309 -0.604513406977736 -0.785260043277833 0.720292647294086 22.830136613914725
89.493183645701308 19.403685961549492 79.947432703730456 2.900722966361194 17.309534087552461 11.655030052508771 0.816919505893738 0.574584135213582 0.049955905068296 0.400116150184175 -0.626983410913114 0.668430152522724 -0.415390884892924 0.526065465508446 0.742095370385273 0.719263993335382 37.721584597264339
88.063720194153490 20.188778596793828 80.523891023834210 4.688382839528321 10.249144489470583 12.229225643343165 0.420946877846002 0.906256745240074 0.038761291755703 0.774787620779994 -0.381445255651090 0.504186135893632 -0.471707397353253 0.182203810739904 0.862724696895874 0.720260929723298 20.646342207263586
90.088422087044663 19.689113828301529 80.097400166268784 2.495498702420387 10.471176800511845 22.392792420455038 0.502588128355886 0.856805388451180 0.115280959211621 0.358565949385305 -0.327924929931963 0.874011270104987 -0.786661066264972 0.397931861818252 0.472032414324182 0.719239739527235 38.446786636215570
61.995231728200650 82.924771086318259 18.854006800854624 18.596287453024754 10.842521736600046 3.086438492941006 0.976502886481618 0.203645663947667 0.070502171940893 0.116183923057736 -0.773021926459902 0.623649258185349 -0.181503192026981 0.600804081849928 0.778518494652812 0.734161100441546 3.526820938496868
61.950466613439630 79.415388346898894 22.024421621469305 2.809958336358120 15.717801032804022 13.635674589169147 -0.160533983806723 -0.981111210066982 0.107933468044187 -0.685316537544470 0.032097211189170 -0.727537636416108 -0.710330967515286 0.190763105748414 0.677524430610452 0.726177422182378 3.734926612458901
62.468708886745944 76.963418456058079 22.826384116269978 19.640305968268635 7.105425114079981 4.399340634335763 0.915007756461997 0.400947930521346 0.044738826817784 0.279878982102387 -0.710729534518414 0.645392348994447 -0.290565932262737 0.578017547980931 0.762539935501347 0.730850607029589 3.209196100410589
70.322464306796604 81.525514021099369 22.834703162932030 37.624668924533097 1.860136841178209 10.628661789460487 0.993979140184245 0.102415582965097 0.038942486367815 0.097970664590463 -0.671582274013370 -0.734424263018818 0.049063405490152 -0.733817618756152 0.677572494014300 0.779145738683736 2.710316116405381
56.539750761078047 80.428183686195453 25.297419555562701 22.095864243498827 10.068342437927351 2.801280584288553 0.964700177039137 0.231811917246808 -0.124967209471189 0.156423420181745 -0.122633575721192 0.980047304840169 -0.211861468982215 0.964999606802093 0.154565445143810 0.734505700630522 4.227197227134985
63.044219172377254 81.811084632808843 21.436981652864773 2.824514340735427 15.799221592559247 13.706309422589747 -0.160533983806723 -0.981111210066982 0.107933468044187 -0.685316537544470 0.032097211189170 -0.727537636416108 -0.710330967515286 0.190763105748414 0.677524430610452 0.729939129820252 3.754274090824126
63.449090822673945 79.060790033189761 24.946714172717460 23.853412031883625 8.804412634645946 2.942611016325412 0.994039943413798 -0.090587083150679 -0.060651226402644 0.011166238846724 0.638027459506231 -0.769932643824148 -0.108443100324136 -0.764666555619034 -0.635236296750912 0.732455472809845 3.074638841859581
57.594864407696065 78.414906631418120 26.445159025916901 22.782159284749188 6.238750026377722 4.412322365011426 0.952822429824565 0.277315458427309 -0.123391870641721 0.128765287952709 -0.001175177958500 0.991674401996553 -0.274861633993665 0.960778203059384 0.036828340776024 0.736048690615430 3.826019885981972
59.320251496608392 80.146132911367289 24.700049113448873 28.111735027450663 7.953706614713996 2.688530256880250 0.985045421267384 -0.148797184554846 -0.086861475400275 -0.009038287416369 0.458823716158795 -0.888481348622926 -0.172057628138774 -0.875979563322561 -0.450617329050354 0.725733814438388 4.263516957757710
62.914768398766469 80.553362620876527 22.402684380931760 2.817571313851114 15.760385032699615 13.672617515477327 -0.160533983806723 -0.981111210066982 0.107933468044187 -0.685316537544470 0.032097211189170 -0.727537636416108 -0.710330967515286 0.190763105748414 0.677524430610452 0.728144843656021 3.745045592470358
53.467365741323420 79.823303539132823 25.479483690872570 18.244753698279368 10.155230706299072 3.507152987790239 0.977985181315316 0.207984436734585 0.016954621902193 -0.013090253419842 0.142235868532475 -0.989746231600917 0.208263367861593 -0.967735207471037 -0.141827140660512 0.744813397496095 3.530805524672312
56.599108980015750 79.311063227444023 23.996475129542862 15.048084262679909 4.410576636107250 9.316990496213203 0.985289457206143 0.160103251068230 0.059763153496183 0.160934095270183 -0.986921085828171 -0.009326699700980 -0.057488281397105 -0.018807427924305 0.998169012821416 0.732606425115880 3.872118241408846
53.328707642986231 81.037432838319191 20.986187619056345 16.067386581194611 11.684765073366620 3.443188504471516 0.944773001639312 0.327685235626199 0.005134367151478 0.067188601434406 -0.209002663003041 0.975604212114178 -0.320764192532041 0.921379548942910 0.219476785968421 0.743524561129772 3.569639935907670
59.202132809268669 81.611602886735326 22.800069535702423 29.484401529926419 5.295295182685239 3.834425485920387 0.978884670243664 0.203207064750587 -0.022174110972109 0.101348435120384 -0.388263387408590 0.915958534376233 -0.177519849765039 0.898865079326958 0.400659795969024 0.724737791261569 4.326649919196915
54.365870956216284 79.424470446424124 21.907381912788125 15.855353649201460 11.530567314718251 3.397750539167147 0.944773001639312 0.327685235626199 0.005134367151478 0.067188601434406 -0.209002663003041 0.975604212114178 -0.320764192532041 0.921379548942910 0.219476785968421 0.733712654762262 3.522533256925028
60.471757946585370 79.571003586511779 22.936938971710301 23.680404279498486 2.864176708023196 8.809903418482603 0.990584695521916 -0.135010635865994 0.022673535251758 -0.056250307708294 -0.552386168546383 -0.831688297189139 -0.124811313110931 -0.822582305305497 0.554779674391391 0.724280289017807 4.185834047444999
59.691867989521761 78.923940454617636 22.839541185879387 26.223353891777091 3.259381101408422 6.993099834288083 0.999847440075750 -0.015999807453140 0.007007334402792 -0.007301319929218 -0.018390441269209 0.999804222034102 0.015867807071594 0.999702854768049 0.018504455337903 0.724354249818527 4.230298943767196
55.935035057229612 78.667771216471039 23.410497700947783 18.081745452824929 9.860474452474321 3.491708627548261 0.978182813747094 0.201244414832877 -0.051566155454829 0.046825944308204 0.028247527279028 0.998503584441371 -0.202399885942319 0.979133679688935 -0.018207785953896 0.734252380411602 3.976968343109512
54.213223704045731 79.764232819540652 22.533014162894364 15.859109269502824 11.533298533059481 3.398555356340335 0.944773001639312 0.327685235626199 0.005134367151478 0.067188601434406 -0.209002663003041 0.975604212114178 -0.320764192532041 0.921379548942910 0.219476785968421 0.733886447551912 3.523367631086881
71.283617486491039 81.410503775456974 21.946227301372122 39.032999592047972 1.929763706585584 11.026503704900717 0.993979140184245 0.102415582965097 0.038942486367815 0.097970664590463 -0.671582274013370 -0.734424263018818 0.049063405490152 -0.733817618756152 0.677572494014300 0.808309977722032 2.811766080338609
63.735941671023156 81.156282897334663 21.222112610296975 19.885088196554179 11.412530589505050 2.712401046746902 0.966415655124896 -0.256968236560727 0.002847266827655 -0.176717517508163 -0.656480075214236 0.733351777697759 0.186578939152494 0.709225800606254 0.679843410808069 0.731488949802684 3.065093482361186
54.080596799033415 80.906659161781434 19.023610034854268 19.128216211047484 9.441023892013256 3.515175475894587 0.957815711203714 0.276550211361094 -0.078160373383568 0.162315973733094 -0.296150444670657 0.941248340658537 -0.237155198219229 0.914229125940268 0.328546065628690 0.739038113300615 3.359004547046775
51.220547082811407 78.977165137726615 23.674304297872123 16.508933388213475 12.670862106652299 3.280077991538147 0.530084864281656 -0.844608358531593 0.075144909062866 -0.234427097355044 -0.060807360850153 0.970230076266515 0.814895068512006 0.531920281212333 0.230232147515949 0.758443254965526 3.504245433727076
68.297753980949366 79.322030090787820 24.597794227990612 35.043358464578226 1.920588398908921 9.903459813015457 0.988936662751459 0.102643099953193 0.107091881569077 0.147804747092053 -0.743017461468711 -0.652747124612317 -0.012571149631622 -0.661354251505645 0.749968346140254 0.751153967321563 2.520984151415899
56.560811944856589 79.340666879188419 21.184530834974982 20.798968174726326 6.507185801071850 4.398685324088781 0.923981186543460 -0.361784087750326 -0.123980001469613 -0.070652633216236 -0.480083246853931 0.874373079131442 0.375854988437499 0.799144761567547 0.469148886523026 0.723390177445357 3.771847131568489
58.598222524077457 80.234326918994199 22.454655952874646 25.963126320548984 3.749193782117350 6.134622484390446 0.986220964852247 0.155793761377865 -0.055646315256616 0.161159017901672 -0.828790415863641 0.535849062256846 -0.037362808176985 0.537433484710722 0.842478053172200 0.724126123860628 4.326152951821173
62.892607488644394 78.857338314708898 23.522855366113312 28.484715977791854 7.106339246303947 3.010669308672473 0.982400039911047 -0.186488005397097 -0.010601199261721 -0.142994971983968 -0.787371987740179 0.599664732087342 0.120177367129084 0.587594738544425 0.800181119287896 0.729054964621117 3.610196153173083
52.811042630992105 78.969033002169283 25.040451035997570 16.376210600883343 12.568995311437577 3.253707960024907 0.530084864281656 -0.844608358531593 0.075144909062866 -0.234427097355044 -0.060807360850153 0.970230076266515 0.814895068512006 0.531920281212333 0.230232147515949 0.752345786372998 3.476073218689538
56.738532000324902 77.243968194467314 22.220640197065009 16.208994382159581 4.566394448156394 8.421154790481483 0.957122083628595 0.218437841207509 -0.190268827081737 0.176089368331742 -0.960245251763522 -0.216613921127285 0.230021415070390 -0.173821649958263 0.957536517640347 0.734548300927475 4.236348637026191
57.610129979797570 80.927652025348436 22.282747263117543 21.738535166817453 5.229577497592690 5.282321713578794 0.965500630975874 0.222916689049577 0.134598221861822 0.033576471749383 0.406001275265314 -0.913255487269473 0.258226939202812 -0.886268082594716 -0.384509731533331 0.725482964779324 4.301964713734078
50.238945748926142 94.258359969793034 63.399769774466073 68.000063992879333 8.702945446865229 29.542273276851876 0.829799335926285 0.517277573195177 -0.209420568153189 0.464548706676334 -0.848214062121695 -0.254415809147856 0.309237063143540 -0.113828015393052 0.944148093092412 2.231823303755090 0.228188159930696
86.728940546246477 94.020968935476731 75.076486188635201 34.072328167869991 14.497210470211174 15.424130001106285 0.071234274201838 0.900972821090394 0.427987913188391 0.482285077239462 -0.406698773094353 0.775884793146299 -0.873113270115089 -0.151142593665599 0.463496638530391 1.692059460157220 0.079171393018365
69.957506022475130 96.796556660422709 99.440078964767935 14.722617825745770 28.056701536219165 25.702701009974529 -0.484279123358898 0.708345491478575 0.513537141189138 0.514005673052723 0.705328045748769 -0.488170580791019 0.708005578190140 -0.027550182979415 0.705669248776965 1.889963637112104 0.095001555530914
45.182168266975964 7.086977818420836 29.279403144051884 90.249769602047238 9.900093014424433 10.102895825825602 0.869141309668468 0.395401595518803 0.297070634847950 0.095268352558382 0.455567712146935 -0.885088696487544 0.485301272230550 -0.797568578813379 -0.358283459374023 1.790456307010758 0.407158959773871
15.235470568773046 41.748637479601179 13.128932847325602 170.388363505649153 27.758934133195908 3.696381395388041 0.155004280478450 -0.712606232454155 0.684226592950648 0.869600155091736 0.427076891727665 0.247792047525063 0.468795523973710 -0.556594723312870 -0.685881236572691 2.231823303755090 0.882227785790630
60.411780402088198 38.280805915785407 89.538588428821001 48.857543633992996 13.064456098777059 7.268223650166691 0.770922633111884 -0.627546249682461 0.108921982470560 -0.626320156466990 -0.777996890696300 -0.049435813638036 -0.115764223139123 0.030108845483792 0.992820276819842 1.434180208523819 0.109603852410070
96.779467179850187 54.688490166942216 27.482356986759658 133.304865113925786 19.527614772679197 6.716210432779789 -0.353517473562283 0.860797424855841 -0.366132748122444 0.928518707480319 0.370394442996522 -0.025709267908182 -0.113483063693307 0.349049781490905 0.930207420039172 2.231823303755090 0.225327768133805
59.223041876183679 89.676115822440977 40.673334583574828 153.497859814042187 16.555721888334677 4.263231467379064 0.243879215498517 0.962222473673970 -0.121040651867769 0.307018831942990 -0.194992849260432 -0.931513406006409 0.919925195371988 -0.190014999129134 0.342975123042132 1.902755984761466 1.622585947039218
55.207827669197087 27.165276760614589 45.544414945002700 36.167658366976845 9.144911130369101 21.469281836783932 -0.735883940953841 0.534279238416571 0.415957354596902 0.478690133367196 0.844977763645003 -0.238470826648430 0.478884726905275 -0.023627829830490 0.877559766622400 1.652820824970735 0.091508647773548
40.171353537959867 24.841346508297100 50.586638382530836 11.330414887276127 27.530930643968190 19.831376408771561 -0.556276412276654 -0.664323068710236 0.499230821889062 -0.742842252908533 0.128246443847143 -0.657067908921397 -0.372480792039522 0.736361127450367 0.564827716690350 1.578555410058929 0.082162131355951
31.038082597981141 37.303486388074745 52.497044225426428 10.113325913933233 34.023823013498706 30.951797814277583 -0.145019444189097 -0.949772242407495 -0.277312185738967 -0.169765704759075 0.300003699265578 -0.938710491000619 -0.974755849582212 0.089053175009130 0.204745123815083 1.891941228113899 0.110493812706966
75.059502292898756 33.350746579127531 92.415876662076357 113.147202702054244 20.667550090478738 3.158079754136390 0.609918659404123 -0.762867297737350 0.214552359468711 -0.652580934309395 -0.637101890475996 -0.410169849364612 -0.449596878421719 -0.110157465452079 0.886412984854475 1.674577614519679 0.581209241044870
86.231854683590242 4.869029597552855 25.364252425682277 44.213338758178772 32.061259506274951 7.808614447148848 0.695724321159674 0.694311443031074 -0.184117595636643 -0.403212865633291 0.165360155894237 -0.900041890042026 0.594463669146147 -0.700419616314921 -0.395000388792921 1.916413700831486 0.100969029401262
44.613551265920194 10.462788874247408 34.847598903349706 70.642663335577410 18.706799800292380 6.830691773620200 0.697930966993022 0.693307311489737 -0.179491886020116 0.295297794684602 -0.506925944541519 -0.809830413855333 0.652450440850948 -0.512202165736891 0.558531434789343 1.790456307010758 0.173412477299743
74.009752561768252 68.051448114282593 62.238442856600486 20.619223471556072 15.376742713022880 35.173490272778096 0.991076826483365 0.132140789526081 0.017479580975679 0.120166255359887 -0.829020597528781 -0.546154666688664 0.057678376194584 -0.543381689621988 0.837501966745815 1.921191617176447 0.088904270162516
71.052840272234562 20.492368695970175 34.169811486473215 53.490120581755143 22.338149232700349 9.078938757500708 0.896527931854344 -0.351241852770382 -0.269938563875934 -0.212440387183760 0.193819346858709 -0.957759438834448 -0.388724515946945 -0.916003941937857 -0.099146502994917 1.903583480061871 0.114387775073591
67.624248227746293 87.923476303132702 54.367805382809522 17.631955213764392 9.000974901462753 47.837008132898966 0.961271050294841 0.274869571764086 0.020116818418470 0.266380253985473 -0.945345276303786 0.188052835279753 -0.070707341568529 0.175411023280599 0.981952872983202 1.690069852566160 0.108435938321309
28.269965094553662 3.023525800598259 71.033682897421329 10.380292161193593 37.435335108182926 27.349584139827630 -0.297374987163140 -0.828056441494836 0.475279545855522 -0.939728384311286 0.165862961427364 -0.298998397564677 -0.168756276118615 0.535548324360607 0.827471637909798 1.890604351739744 0.076891386180799
0.788410350844038 37.267906982099554 53.053721456278183 7.720035917806085 20.064529701208627 32.399101270779617 0.704201879827919 -0.706541429342130 0.069992292932895 -0.396540344241624 -0.309613765753652 0.864230913265996 0.588944367351925 0.636347801661185 0.498202777476620 1.472246056365776 0.071514714030004
92.211146176719311 8.949454503290010 40.594232196828372 96.999058472102931 13.604842305405759 5.677206255893553 0.071941239050629 0.996248525629337 0.048097123669010 0.127535932470255 0.038638005347875 -0.991081071593883 0.989221433276090 -0.077433711806353 0.124277818709083 1.682616763068765 0.145663523148718
2.431319971015777 34.261098434159031 62.223105883979493 8.245478180773835 20.184571150994547 31.018314954897267 0.731675947688511 0.680556786999832 0.038636346133986 0.404215332664263 -0.387541815319294 -0.828505465412356 0.548871817834764 -0.621814925076177 0.558646513046730 1.486179164213906 0.063371264186599
27.906794822859837 20.974994965563511 11.570323332709364 23.775253175269814 7.343679806137765 4.112459472928180 0.263402430741468 0.963978303738551 0.036945762961827 0.948679235485418 -0.251894072903034 -0.191199069545654 0.175005336028044 -0.085411977834884 0.980855711307247 0.770016706988218 2.733175804310711
57.714024402034184 69.527000590468603 67.195714059582230 46.499957545238352 13.351350489000744 17.962813700110907 0.865916609420137 0.489516470757745 0.102771836546861 0.433393711932875 -0.631697080886865 -0.642750875888985 0.249716471197591 -0.601109326874816 0.759150354776133 1.921191617176447 0.157338315982008
94.886102072050733 0.270321389350270 64.719665389403602 563.976085963155015 3.052735977979364 10.154757566627675 -0.202450279218807 0.869885280169918 0.449792712021804 0.773405936842415 0.423768723227648 -0.471448115990420 0.600713859754487 -0.252427551106673 0.758566536396876 2.231823303755090 13.032062689945841
60.039223709763959 58.873960997028817 96.277031984024248 20.890852318002203 14.639123326810598 57.167376915226519 0.895292331615111 0.445459650257057 0.004164245914772 0.077479703890746 -0.146501089071549 -0.986171550180724 0.438689567275290 -0.883234471074194 0.165675383416212 2.231823303755090 0.121635411225623
1.687167337003970 69.648243070145014 81.367864970186346 61.793916819326327 9.141951118123034 30.948162967909528 -0.662288140708043 -0.742386382636310 0.101177455757982 -0.745830994828142 0.666112406235317 0.005512659345558 0.071488081741971 0.071810313573829 0.994853121336653 2.231823303755090 0.151344621916263
50.980719662158414 33.396486959680914 79.084016322740496 44.694730672952893 10.468313864379292 22.354760297680414 -0.473854825091088 -0.879649560914834 0.040966507298455 -0.196641204339463 0.060352320567613 -0.978616285455147 -0.858366962023714 0.471777752108388 0.201573587361380 1.880562056167602 0.099752386423145
9.724292563242464 44.203563772992524 51.995237457083817 81.631051026325466 13.287834280241576 5.019697553426441 0.603973607463961 0.609560255828233 0.513470715816967 0.777117711272630 -0.593420785374251 -0.209618306243029 -0.176929207067002 -0.525631112093288 0.832110563378578 1.512802931635312 0.225677545016549
69.395641093454756 9.088573203240946 22.775950153786095 10.370243969372630 38.867328641554856 26.914243994115530 -0.331380006772352 -0.926981578521028 0.175762465259849 -0.857380717212446 0.218106982147879 -0.466184137536463 -0.393809086822318 0.305179451177514 0.867052423856346 1.903583480061871 0.101738667605934
41.030156269012565 62.329467302013065 88.696078121741749 46.784726016048317 24.678512735644507 9.181045625297999 0.312573441216289 -0.818085885004251 -0.482735257261182 -0.749083669238338 -0.524787628957428 0.404316214087029 0.584098878895205 -0.235230587403195 0.776849451582038 1.888969952766224 0.112937170449904
61.882616824137649 13.346147093493443 98.058013278728239 101.655624476449134 18.467878631119827 9.312602577138744 0.955910910729541 0.241976492526656 -0.166378207144798 -0.143826941715725 0.879755006062536 0.453150019468838 -0.256023712934801 0.409241379105784 -0.875770147951318 2.231823303755090 0.255499150733154
87.178573475549285 50.272076114532403 92.234798179663301 189.023813154706545 21.804420655432803 4.241880425471338 -0.617909701278794 0.755572918618096 0.217479115586953 0.692547156858249 0.653990725756190 -0.304424976229691 0.372244592429638 0.037492602948102 0.927377090579161 2.231823303755090 0.597223340193815
54.138079375713573 92.330606788916313 82.989736860334318 61.046261156605034 9.570896297529396 29.923184680560091 0.810740643814416 0.581346583047796 -0.068816850015375 0.492626972059196 -0.741026155918109 -0.456288179383401 0.316256659798927 -0.336030335868481 0.887167029656165 2.231823303755090 0.144147589144784
96.828641029429733 91.978281077815836 3.603381742856948 103.323596099726259 4.013770635535057 42.156779808056619 0.906192756443322 0.422544368326791 -0.016460405978210 0.422713892830315 -0.904142634440405 0.061960159743217 -0.011298361735027 0.063105890235990 0.997942880950422 2.231823303755090 0.651876493535196
17.477200416093996 38.913467710118574 95.214269729542082 12.731994230160405 41.115497735231912 33.397773003835269 -0.439797524999990 -0.895805253961596 0.064117735289721 -0.030137493283582 0.086073332593206 0.995832873987840 0.897591147740699 -0.436032485476826 0.064852163467658 2.231823303755090 0.087051077902723
30.002891947592957 16.046764388760103 88.630466608655993 44.635233741928275 24.614644306238514 15.912855388747825 0.835691942378536 0.391030732063984 0.385634469446256 0.027558922349540 0.671434245735942 -0.740551523833378 0.548506593618092 -0.629500611782476 -0.550335803417301 2.231823303755090 0.097731193561251
44.639441548320292 90.787559435432613 16.023046632014328 141.766358654918719 7.281389663467417 2.502998305642788 0.710506118555437 0.597892886469060 -0.371086447886452 -0.603898319141409 0.247368135888758 -0.757704312700609 0.361231055743370 -0.762452032364409 -0.536823083249886 1.179965513152678 1.887416694061495
66.111751150809951 44.026375282949182 7.648676903028539 104.925243117272274 19.742873851558699 8.439741387780440 0.100762769361293 -0.949971763345549 -0.295635777869982 -0.993652639754269 -0.081152538462346 -0.077901842150803 -0.050012956521425 -0.301608876439776 0.952119104856489 2.231823303755090 0.148223170026567
69.646314465250057 24.739875553915368 3.961552257951773 68.917210363174661 19.628414980827241 12.924286387413993 0.992420323460895 0.113118604166186 0.048021692736364 0.004902244924144 0.354018111361853 -0.935225718648974 0.122791976840817 -0.928372424310029 -0.350780233485646 2.231823303755090 0.118837241730459
5.994429824957326 6.107853706678734 90.773295748503941 59.222952259586130 22.234778771074243 13.276898280832789 0.713352939954140 -0.700792579978347 -0.004164481489497 -0.289503295541986 -0.300093358488695 0.908917938023728 0.638212680012795 0.647173652150848 0.416954240933724 2.231823303755090 0.102535729609658
73.988391782910099 89.806235721373511 67.258231129652131 8.236284052410770 24.886048417626260 36.570403190602754 0.422166698203978 -0.903079013221475 -0.078889636876327 -0.878322307995962 -0.429019734190720 0.210931246977706 0.224332793421286 0.019757620146447 0.974312287843047 1.682902590063229 0.092356866599061
52.893992903088318 30.444636434737827 99.796225132867349 39.872378475875422 7.689595684972012 24.881610073745634 0.992207514993612 0.086142043412716 0.090021083901961 0.074832952935846 0.165671732314476 -0.983337635945468 0.099620662239837 -0.982411535696015 -0.157934474343932 1.692796241740822 0.094802656916612
36.218905893938938 47.064894921390952 37.824517492346175 94.323600899617674 9.460063263039961 19.593186892968141 -0.233459127252173 0.918130602462805 -0.320207796163587 0.940722962771362 0.296590154279899 0.164543573860837 -0.246042970266018 0.262812627560993 0.932948219129638 2.231823303755090 0.542814315684368
97.952692933545862 17.465838539500577 32.798800090807966 50.895430927932736 14.776081905012415 13.253279067376877 0.116270175303753 0.859823590751251 0.497176667918418 -0.094323755913797 0.507868263958489 -0.856255134603060 0.988728615649991 -0.052661363934264 -0.140151722584612 1.850576826570800 0.078574623339668
68.034866601500156 6.320761833863065 60.724937401154101 113.146792246516426 7.623528385249385 20.268482116867759 -0.580161312180267 0.684678606452470 -0.441166700596922 0.020276877770750 0.553613152251751 0.832527072161470 -0.814249163387437 -0.474054515346266 0.335068077265914 2.231823303755090 0.366135778096524
47.764650287641608 28.399997676210109 23.841328092405799 17.329037877706217 33.779762850410947 29.866782998779829 -0.268407863186654 -0.767512050321741 0.582136128058113 0.906215198626810 -0.406126921768736 -0.117622009812888 -0.326697463653065 -0.495969934598428 -0.804538744385306 2.231823303755090 0.122058252208351
51.451274329875673 36.792758053704134 45.651989126265534 7.772455824639247 41.520528527313395 22.510831230355823 0.961122388607256 0.262371712028111 0.086051373291318 0.271769184006353 -0.843737543566767 -0.462869817767846 0.048839172212526 -0.468260656369245 0.882239589314739 1.665421623705193 0.093497383956531
33.747738176423994 97.049369359597762 13.343943174560401 98.595994816258639 1.610640905546991 62.697106057754716 0.998351374171206 -0.041814564752868 0.039320171222830 0.011083104369290 -0.531715838341726 -0.846850300852574 -0.056317834546473 -0.845889951134947 0.530375802691744 1.849929343313380 1.064201228891034
9.680395317837419 34.339172879091606 59.102690087049126 13.739392995902646 9.744662160671092 37.250438706337171 0.891026054620078 -0.452350417130214 -0.038100788840892 -0.274795718189752 -0.470664678477172 -0.838428335457813 -0.361330711748608 -0.757531425457784 0.543678449261273 1.469180712959054 0.072559507797218
65.917647185002821 39.725674716804207 99.927799392217111 53.177394699616684 14.068590305275485 7.425719253258832 0.777405048335978 -0.622194122983855 0.092281439878702 -0.621598084555062 -0.782384876947285 -0.038596963632652 -0.096214406921274 0.027356491890120 0.994984628148723 1.522972395270038 0.117746680880444
35.189299619304258 72.140666795995244 63.758269453079286 74.553365426812448 9.086074459460004 2.552341331167277 0.042280463155429 0.909772687121636 0.412947963069004 0.132880675857474 0.404525193572513 -0.904821581168786 0.990229815961438 -0.093129079951420 0.103787696999108 1.032081695992418 1.930722230794493
81.305386324746067 97.622566345381998 88.979365644554022 34.101728479679750 15.371105972287003 14.512909048336809 0.425512898912580 0.903886889068031 -0.043900622204346 0.591130066771634 -0.240893391503678 0.769763352003990 -0.685203631789540 0.353495213122854 0.636817962436403 1.691214282069041 0.078413164989711
76.456197435770861 69.824847781829064 33.549816967589962 99.857485949974190 27.888936066763950 2.254506968527520 0.807474699974358 -0.583916149448473 -0.083824455349195 -0.386946663663568 -0.631545483135703 0.671879886743549 0.445260472511264 0.510090416636266 0.735901405403527 1.586382933092920 3.011097626626615
14.768557820670736 6.263600305980976 24.190170420148483 70.181512697577332 10.699719481435160 2.592714426248377 0.541371670136783 0.828269174324216 -0.144522972698430 0.195931372123573 0.042878008557712 0.979679730217942 -0.817635378509935 0.558687436091421 0.139070976707975 1.073750165116200 3.644220324483540
43.228148118129859 52.199627362998250 77.308355405487163 63.022245152477673 5.722123083240699 29.394369776482673 0.541488603458543 -0.801391594772011 0.254089756096717 -0.411437085558226 0.010958273902643 0.911372284448253 0.733150473608161 0.598039654255341 0.323788441711996 1.888969952766224 0.167449718748678
95.874092305659303 11.732048038481102 10.700414019379156 40.314013377576167 30.921645001350665 14.024935361460017 0.925836896424105 -0.369769444049589 -0.078080724042747 -0.205944684865718 -0.666871286547593 0.716149058474504 0.316879832105708 0.646956911568008 0.693566093879338 2.231823303755090 0.094724495261551
58.969472301355076 74.539807394729294 84.815038034698489 45.363808705568040 13.420650537193483 28.716824603228368 -0.697322958678991 -0.715920922137736 0.034611046569438 -0.681020946550357 0.646725694893809 -0.343447733903975 -0.223497565219028 0.263064837653331 0.938533819066523 2.231823303755090 0.131567344918608
93.583208021678857 98.342624226064203 39.980169222452588 5.823038226068401 33.562559636687674 89.457092336892231 0.372856231560911 -0.918942016801000 0.128544935115726 -0.918310485780127 -0.345594816185596 0.193054590030673 0.132981511092568 0.190025768735071 0.972731270662243 2.231823303755090 0.218757344331917
38.033518352757312 14.780867669727238 68.493443868355939 39.991205178637983 20.319089051519423 13.078962769646459 0.311087320566698 -0.940604172222525 0.135972314020947 -0.020857613417831 0.136279798846661 0.990450794531877 0.950152429321288 0.310952741785455 -0.022776159267161 1.890604351739744 0.086690686614607
65.676195844083708 86.206259585120719 9.725799478764063 43.921832237240437 28.648027735398415 1.029363640500321 0.958038591774597 0.277026200338750 -0.073610739681256 0.179606313539918 -0.380027557292159 0.907370171338663 -0.223391201275134 0.882516594758665 0.413836720420534 0.937348978476539 2.002320072363872
