0.000015197152989 37
0.000014894201249 38
0.000015632964507 37
0.000015275670858 37
0.000015603493971 37
0.000015512432012 38
0.000015190702563 38
0.000015663651887 38
0.000014577967311 37
0.000015014980851 37
0.000015739244391 38
0.000015078476983 38
0.000015521060977 38
0.000015546536063 38
0.000014590907958 38
0.000015232497050 37
0.000015354081062 38
0.000015669151851 38
0.000015709357571 38
0.000015672194984 37
0.000015671586085 38
0.000015261163899 38
0.000015251362604 38
0.000015669627873 38
0.000015179918180 37
0.000015604512672 38
0.000015695752142 38
0.000015538509302 38
0.000015011134705 38
0.000015204410534 37
0.000009218622537 31
0.000009521819533 36
0.000008201366404 29
0.000007160831213 27
0.000006905658389 26
0.000007618714774 30
0.000005589574040 27
0.000008222274574 35
0.000009901704216 35
0.000010207734854 36
0.000009291494496 35
0.000008759478732 32
0.000008325402085 26
0.000010000014222 38
0.000008522074559 31
0.000009416689418 35
0.000007600610917 29
0.000010068165251 37
0.000004642964980 24
0.000008689511727 33
0.000007571860233 26
0.000008302653404 32
0.000008357810466 31
0.000009207987562 33
0.000008519815709 33
0.000007948864323 30
0.000008725864431 34
0.000008575718027 31
0.000007398388376 27
0.000008764953612 32
0.000015105890759 36
0.000014884754845 35
0.000015136056260 36
0.000014943263959 37
0.000015138412211 37
0.000014928612468 36
0.000012945908268 36
0.000014836653727 36
0.000015101330773 37
0.000015139503591 36
0.000014783236188 36
0.000015167393590 36
0.000014706082053 37
0.000015165951397 36
0.000014785515785 36
0.000015065066716 36
0.000015006929822 36
0.000015169500526 36
0.000014851516709 35
0.000014913999535 35
0.000015191650202 36
0.000014894540568 36
0.000014003467936 37
0.000015098847531 36
0.000015117453147 36
0.000014802477251 36
0.000015006650684 36
0.000015191564124 36
0.000014963839218 35
0.000015140738049 36
0.000012293195343 40
0.000013812698152 40
0.000011822398571 38
0.000011652361829 39
0.000012559979942 37
0.000013396912735 41
0.000013409230909 40
0.000012765226240 38
0.000013464867741 39
0.000013864093190 39
0.000012540423650 35
0.000013957482703 38
0.000013237525226 37
0.000013261630271 38
0.000013613989338 38
0.000014091267266 39
0.000013924015022 38
0.000013845107807 38
0.000013802931360 37
0.000011706474318 39
0.000013603065882 41
0.000012227045473 37
0.000013323491368 37
0.000012571477300 40
0.000013425199248 38
0.000014085582521 38
0.000013768268754 40
0.000013283587234 37
0.000012143318180 37
0.000013863441412 38
0.000000095038497 6
0.000000181711664 7
0.000000196061581 9
0.000000181315200 9
0.000000016963068 1
0.000000182858760 7
0.000000016963068 1
0.000000100360569 5
0.000000213957294 8
0.000000242633622 10
0.000000211669844 9
0.000000200263232 7
0.000000173389674 7
0.000000217659308 10
0.000000048579631 2
0.000000140997305 6
0.000000159610662 7
0.000000070770298 4
0.000000297155460 9
0.000000150323838 6
0.000000241990138 7
0.000004020283568 16
0.000000064264925 3
0.000000037020822 2
0.000000206739190 9
0.000000063054950 3
0.000000123492890 6
0.000000262267551 6
0.000000155838497 8
0.000000108881702 4
0.000000142016435 7
0.000000335766695 3
0.000000162612072 8
0.000000229639253 3
0.000000063300585 3
0.000000094228828 5
0.000001261685456 6
0.000000029266107 2
0.000000120585101 7
0.000000068972214 4
0.000000173898069 7
0.000000223280994 10
0.000000133502307 7
0.000000087500570 5
0.000000016963068 1
0.000000179104992 8
0.000000178935456 7
0.000000151473547 3
0.000000247245213 8
0.000000217197167 8
0.000005521030524 28
0.000000224864681 10
0.000000357607234 3
0.000000215510618 4
0.000000125780877 6
0.000000164150848 8
0.000000105095158 6
0.000000077207891 4
0.000000151188642 7
0.000000936663506 7
