125 3
125
-1.311446932686988021e+01 -1.281591846978158422e+01 1.144339941515617909e+00
-1.311446932686988021e+01 -1.281591846978158422e+01 3.674268460123546731e+01
-1.311446932686988021e+01 -1.281591846978158422e+01 7.234102926095530961e+01
-1.311446932686988021e+01 -1.281591846978158422e+01 1.079393739206751661e+02
-1.311446932686988021e+01 -1.281591846978158422e+01 1.435377185803950226e+02
2.673582251930601927e+01 -1.281591846978158422e+01 1.144339941515617909e+00
2.673582251930601927e+01 -1.281591846978158422e+01 3.674268460123546731e+01
2.673582251930601927e+01 -1.281591846978158422e+01 7.234102926095530961e+01
2.673582251930601927e+01 -1.281591846978158422e+01 1.079393739206751661e+02
2.673582251930601927e+01 -1.281591846978158422e+01 1.435377185803950226e+02
6.658611436548191875e+01 -1.281591846978158422e+01 1.144339941515617909e+00
6.658611436548191875e+01 -1.281591846978158422e+01 3.674268460123546731e+01
6.658611436548191875e+01 -1.281591846978158422e+01 7.234102926095530961e+01
6.658611436548191875e+01 -1.281591846978158422e+01 1.079393739206751661e+02
6.658611436548191875e+01 -1.281591846978158422e+01 1.435377185803950226e+02
1.064364062116578111e+02 -1.281591846978158422e+01 1.144339941515617909e+00
1.064364062116578111e+02 -1.281591846978158422e+01 3.674268460123546731e+01
1.064364062116578111e+02 -1.281591846978158422e+01 7.234102926095530961e+01
1.064364062116578111e+02 -1.281591846978158422e+01 1.079393739206751661e+02
1.064364062116578111e+02 -1.281591846978158422e+01 1.435377185803950226e+02
1.462866980578337177e+02 -1.281591846978158422e+01 1.144339941515617909e+00
1.462866980578337177e+02 -1.281591846978158422e+01 3.674268460123546731e+01
1.462866980578337177e+02 -1.281591846978158422e+01 7.234102926095530961e+01
1.462866980578337177e+02 -1.281591846978158422e+01 1.079393739206751661e+02
1.462866980578337177e+02 -1.281591846978158422e+01 1.435377185803950226e+02
-1.311446932686988021e+01 2.713852347766675877e+01 1.144339941515617909e+00
-1.311446932686988021e+01 2.713852347766675877e+01 3.674268460123546731e+01
-1.311446932686988021e+01 2.713852347766675877e+01 7.234102926095530961e+01
-1.311446932686988021e+01 2.713852347766675877e+01 1.079393739206751661e+02
-1.311446932686988021e+01 2.713852347766675877e+01 1.435377185803950226e+02
2.673582251930601927e+01 2.713852347766675877e+01 1.144339941515617909e+00
2.673582251930601927e+01 2.713852347766675877e+01 3.674268460123546731e+01
2.673582251930601927e+01 2.713852347766675877e+01 7.234102926095530961e+01
2.673582251930601927e+01 2.713852347766675877e+01 1.079393739206751661e+02
2.673582251930601927e+01 2.713852347766675877e+01 1.435377185803950226e+02
6.658611436548191875e+01 2.713852347766675877e+01 1.144339941515617909e+00
6.658611436548191875e+01 2.713852347766675877e+01 3.674268460123546731e+01
6.658611436548191875e+01 2.713852347766675877e+01 7.234102926095530961e+01
6.658611436548191875e+01 2.713852347766675877e+01 1.079393739206751661e+02
6.658611436548191875e+01 2.713852347766675877e+01 1.435377185803950226e+02
1.064364062116578111e+02 2.713852347766675877e+01 1.144339941515617909e+00
1.064364062116578111e+02 2.713852347766675877e+01 3.674268460123546731e+01
1.064364062116578111e+02 2.713852347766675877e+01 7.234102926095530961e+01
1.064364062116578111e+02 2.713852347766675877e+01 1.079393739206751661e+02
1.064364062116578111e+02 2.713852347766675877e+01 1.435377185803950226e+02
1.462866980578337177e+02 2.713852347766675877e+01 1.144339941515617909e+00
1.462866980578337177e+02 2.713852347766675877e+01 3.674268460123546731e+01
1.462866980578337177e+02 2.713852347766675877e+01 7.234102926095530961e+01
1.462866980578337177e+02 2.713852347766675877e+01 1.079393739206751661e+02
1.462866980578337177e+02 2.713852347766675877e+01 1.435377185803950226e+02
-1.311446932686988021e+01 6.709296542511511063e+01 1.144339941515617909e+00
-1.311446932686988021e+01 6.709296542511511063e+01 3.674268460123546731e+01
-1.311446932686988021e+01 6.709296542511511063e+01 7.234102926095530961e+01
-1.311446932686988021e+01 6.709296542511511063e+01 1.079393739206751661e+02
-1.311446932686988021e+01 6.709296542511511063e+01 1.435377185803950226e+02
2.673582251930601927e+01 6.709296542511511063e+01 1.144339941515617909e+00
2.673582251930601927e+01 6.709296542511511063e+01 3.674268460123546731e+01
2.673582251930601927e+01 6.709296542511511063e+01 7.234102926095530961e+01
2.673582251930601927e+01 6.709296542511511063e+01 1.079393739206751661e+02
2.673582251930601927e+01 6.709296542511511063e+01 1.435377185803950226e+02
6.658611436548191875e+01 6.709296542511511063e+01 1.144339941515617909e+00
6.658611436548191875e+01 6.709296542511511063e+01 3.674268460123546731e+01
6.658611436548191875e+01 6.709296542511511063e+01 7.234102926095530961e+01
6.658611436548191875e+01 6.709296542511511063e+01 1.079393739206751661e+02
6.658611436548191875e+01 6.709296542511511063e+01 1.435377185803950226e+02
1.064364062116578111e+02 6.709296542511511063e+01 1.144339941515617909e+00
1.064364062116578111e+02 6.709296542511511063e+01 3.674268460123546731e+01
1.064364062116578111e+02 6.709296542511511063e+01 7.234102926095530961e+01
1.064364062116578111e+02 6.709296542511511063e+01 1.079393739206751661e+02
1.064364062116578111e+02 6.709296542511511063e+01 1.435377185803950226e+02
1.462866980578337177e+02 6.709296542511511063e+01 1.144339941515617909e+00
1.462866980578337177e+02 6.709296542511511063e+01 3.674268460123546731e+01
1.462866980578337177e+02 6.709296542511511063e+01 7.234102926095530961e+01
1.462866980578337177e+02 6.709296542511511063e+01 1.079393739206751661e+02
1.462866980578337177e+02 6.709296542511511063e+01 1.435377185803950226e+02
-1.311446932686988021e+01 1.070474073725634554e+02 1.144339941515617909e+00
-1.311446932686988021e+01 1.070474073725634554e+02 3.674268460123546731e+01
-1.311446932686988021e+01 1.070474073725634554e+02 7.234102926095530961e+01
-1.311446932686988021e+01 1.070474073725634554e+02 1.079393739206751661e+02
-1.311446932686988021e+01 1.070474073725634554e+02 1.435377185803950226e+02
2.673582251930601927e+01 1.070474073725634554e+02 1.144339941515617909e+00
2.673582251930601927e+01 1.070474073725634554e+02 3.674268460123546731e+01
2.673582251930601927e+01 1.070474073725634554e+02 7.234102926095530961e+01
2.673582251930601927e+01 1.070474073725634554e+02 1.079393739206751661e+02
2.673582251930601927e+01 1.070474073725634554e+02 1.435377185803950226e+02
6.658611436548191875e+01 1.070474073725634554e+02 1.144339941515617909e+00
6.658611436548191875e+01 1.070474073725634554e+02 3.674268460123546731e+01
6.658611436548191875e+01 1.070474073725634554e+02 7.234102926095530961e+01
6.658611436548191875e+01 1.070474073725634554e+02 1.079393739206751661e+02
6.658611436548191875e+01 1.070474073725634554e+02 1.435377185803950226e+02
1.064364062116578111e+02 1.070474073725634554e+02 1.144339941515617909e+00
1.064364062116578111e+02 1.070474073725634554e+02 3.674268460123546731e+01
1.064364062116578111e+02 1.070474073725634554e+02 7.234102926095530961e+01
1.064364062116578111e+02 1.070474073725634554e+02 1.079393739206751661e+02
1.064364062116578111e+02 1.070474073725634554e+02 1.435377185803950226e+02
1.462866980578337177e+02 1.070474073725634554e+02 1.144339941515617909e+00
1.462866980578337177e+02 1.070474073725634554e+02 3.674268460123546731e+01
1.462866980578337177e+02 1.070474073725634554e+02 7.234102926095530961e+01
1.462866980578337177e+02 1.070474073725634554e+02 1.079393739206751661e+02
1.462866980578337177e+02 1.070474073725634554e+02 1.435377185803950226e+02
-1.311446932686988021e+01 1.470018493200117859e+02 1.144339941515617909e+00
-1.311446932686988021e+01 1.470018493200117859e+02 3.674268460123546731e+01
-1.311446932686988021e+01 1.470018493200117859e+02 7.234102926095530961e+01
-1.311446932686988021e+01 1.470018493200117859e+02 1.079393739206751661e+02
-1.311446932686988021e+01 1.470018493200117859e+02 1.435377185803950226e+02
2.673582251930601927e+01 1.470018493200117859e+02 1.144339941515617909e+00
2.673582251930601927e+01 1.470018493200117859e+02 3.674268460123546731e+01
2.673582251930601927e+01 1.470018493200117859e+02 7.234102926095530961e+01
2.673582251930601927e+01 1.470018493200117859e+02 1.079393739206751661e+02
2.673582251930601927e+01 1.470018493200117859e+02 1.435377185803950226e+02
6.658611436548191875e+01 1.470018493200117859e+02 1.144339941515617909e+00
6.658611436548191875e+01 1.470018493200117859e+02 3.674268460123546731e+01
6.658611436548191875e+01 1.470018493200117859e+02 7.234102926095530961e+01
6.658611436548191875e+01 1.470018493200117859e+02 1.079393739206751661e+02
6.658611436548191875e+01 1.470018493200117859e+02 1.435377185803950226e+02
1.064364062116578111e+02 1.470018493200117859e+02 1.144339941515617909e+00
1.064364062116578111e+02 1.470018493200117859e+02 3.674268460123546731e+01
1.064364062116578111e+02 1.470018493200117859e+02 7.234102926095530961e+01
1.064364062116578111e+02 1.470018493200117859e+02 1.079393739206751661e+02
1.064364062116578111e+02 1.470018493200117859e+02 1.435377185803950226e+02
1.462866980578337177e+02 1.470018493200117859e+02 1.144339941515617909e+00
1.462866980578337177e+02 1.470018493200117859e+02 3.674268460123546731e+01
1.462866980578337177e+02 1.470018493200117859e+02 7.234102926095530961e+01
1.462866980578337177e+02 1.470018493200117859e+02 1.079393739206751661e+02
1.462866980578337177e+02 1.470018493200117859e+02 1.435377185803950226e+02
