0.000000000000000 0
0.000000137891947 1
0.000000000000000 0
0.000000000000000 0
0.000000173901795 1
0.000004899153741 30
0.000000412159318 4
0.000000000000000 0
0.000000207452460 2
0.000000000000000 0
0.000000000000000 0
0.000000296694960 2
0.000000000000000 0
0.000000061220312 1
0.000000000000000 0
0.000000000000000 0
0.000000354766927 2
0.000000170113332 1
0.000000000000000 0
0.000000000000000 0
0.000000160006464 1
0.000000383815389 3
0.000000308003415 2
0.000000196489701 1
0.000000000000000 0
0.000000000000000 0
0.000000000000000 0
0.000000418228695 3
0.000000000000000 0
0.000000000000000 0
0.000002070190552 17
0.000000000000000 0
0.000000379585855 3
0.000000191120926 2
0.000000135596739 1
0.000000000000000 0
0.000000241672589 2
0.000000515651668 3
0.000000282094042 2
0.000000258022449 2
0.000000161000641 1
0.000000138787022 1
0.000000086766805 1
0.000001723010104 17
0.000000229508128 2
0.000000144297743 1
0.000000133783775 1
0.000000000000000 0
0.000004876556844 30
0.000000000000000 0
0.000000068571133 1
0.000000000000000 0
0.000000461228193 3
0.000000000000000 0
0.000000000000000 0
0.000000080814301 1
0.000000199946117 2
0.000000166991595 1
0.000000087065471 1
0.000000152548548 1
0.000000086068931 1
0.000000116158341 1
0.000000157989491 1
0.000000146763349 1
0.000000137175534 1
0.000000125523127 1
0.000000000000000 0
0.000000000000000 0
0.000000000000000 0
0.000000392328256 3
0.000000000000000 0
0.000000154573352 1
0.000000000000000 0
0.000000000000000 0
0.000000162998601 1
0.000000000000000 0
0.000000000000000 0
0.000000000000000 0
0.000000146550929 1
0.000000000000000 0
0.000000000000000 0
0.000001885743629 15
0.000003444899338 24
0.000000372466712 3
0.000000000000000 0
0.000000136903907 2
0.000004132109037 32
0.000001148723420 11
0.000000261860330 2
0.000000000000000 0
0.000000180382415 2
0.000002640997726 21
0.000000323324605 2
0.000000309958030 3
0.000000000000000 0
0.000000089366754 1
0.000000000000000 0
0.000000000000000 0
0.000000000000000 0
0.000000000000000 0
0.000000000000000 0
0.000000000000000 0
0.000000000000000 0
0.000000000000000 0
0.000000000000000 0
0.000000160234967 1
0.000000000000000 0
0.000000000000000 0
0.000000000000000 0
0.000000000000000 0
0.000000137620431 1
0.000000340849204 4
0.000000253959134 2
0.000000298425782 2
0.000000081678607 1
0.000000127696147 1
0.000000283764481 4
0.000000318930860 3
0.000000418148045 3
0.000000323995209 2
0.000000149553241 1
0.000000176697297 1
0.000000182380674 1
0.000000187293155 1
0.000000000000000 0
