0.000023889930976 39
0.000022529576372 39
0.000024954196451 40
0.000024861536599 39
0.000025038520816 39
0.000024968073903 39
0.000023963709890 38
0.000024682545643 39
0.000022872715612 39
0.000024569562396 39
0.000024840233607 38
0.000023039895009 38
0.000024579276895 40
0.000024422720340 38
0.000023070038488 38
0.000024681683692 39
0.000023599870525 38
0.000024681766704 38
0.000025216907737 39
0.000024795748039 38
0.000024569016923 38
0.000023512567775 38
0.000023582222673 38
0.000025187347686 39
0.000024419822536 39
0.000024474651814 38
0.000024710730797 38
0.000024398123076 39
0.000023813225310 40
0.000024771229719 39
0.000008930118936 31
0.000010170038027 38
0.000011258843230 37
0.000012028016667 38
0.000003624037185 18
0.000004179735434 27
0.000003642801678 26
0.000009835362475 40
0.000009185335692 31
0.000010780108821 37
0.000012304628582 40
0.000008322682312 34
0.000008296526562 30
0.000012364500538 40
0.000007733722982 28
0.000012005526298 41
0.000011995733730 38
0.000012438217452 39
0.000001266936866 18
0.000008783534756 35
0.000010788897325 36
0.000005210664478 21
0.000008735115803 35
0.000008095115299 32
0.000010178134558 37
0.000010154865711 38
0.000008620607970 35
0.000012598887498 39
0.000004866135381 21
0.000007316756855 27
0.000024408761262 37
0.000023985166287 37
0.000024505804018 37
0.000024104326584 37
0.000024437718805 37
0.000024450194510 37
0.000023808276446 37
0.000024415996008 37
0.000024277867301 37
0.000024577662115 37
0.000024366091950 37
0.000024518635754 37
0.000024023938864 37
0.000024515189014 37
0.000024377193863 37
0.000024576499351 37
0.000024427978127 37
0.000024552225573 37
0.000024211794419 37
0.000024217462602 37
0.000024584898786 37
0.000024362115179 37
0.000024222036155 37
0.000024422132547 37
0.000024515407023 37
0.000024306253560 37
0.000024291346681 37
0.000024573993025 37
0.000024300579133 37
0.000024580226517 37
0.000016806630804 40
0.000019868623031 44
0.000018778826949 44
0.000007118417516 25
0.000018627992717 42
0.000018553477853 43
0.000017714783120 41
0.000018568988104 43
0.000020159069353 44
0.000019016899525 43
0.000016173221043 40
0.000019026655270 42
0.000016632307292 39
0.000020349105367 45
0.000018077328742 41
0.000020437913642 45
0.000020355654420 44
0.000018809443250 42
0.000018054582878 42
0.000006264891612 23
0.000017473736013 41
0.000016489329987 39
0.000012502603693 34
0.000010136832906 30
0.000018920235694 41
0.000020282898897 44
0.000018752136326 43
0.000015419180856 39
0.000018655674452 43
0.000019622370102 41
0.000000101757560 15
0.000000117554867 14
0.000000078610810 10
0.000000135240931 17
0.000000026210670 6
0.000000184631502 20
0.000000064733544 11
0.000000109098981 15
0.000000185061264 24
0.000000176690026 22
0.000000250656837 27
0.000000151247347 16
0.000000091835972 13
0.000000153461072 19
0.000000132396773 17
0.000000139649954 17
0.000000122212744 15
0.000000084616762 13
0.000000156257114 12
0.000000083642664 12
0.000000166965510 13
0.000002717027450 14
0.000000131810011 20
0.000000054317190 9
0.000000160233640 18
0.000000024682152 6
0.000000230311290 26
0.000000167810143 14
0.000000119304111 16
0.000000100153764 17
0.000000127621988 15
0.000000104136512 13
0.000000122587078 16
0.000000015887325 4
0.000000080779376 14
0.000000080154821 12
0.000000128781670 9
0.000000047059588 10
0.000000069034893 12
0.000000032485324 6
0.000000127964615 15
0.000000156852554 16
0.000000137858267 17
0.000000082964493 12
0.000000125866233 19
0.000000136699516 17
0.000000178778854 23
0.000000101458803 5
0.000000195069063 16
0.000000159201980 16
0.000001590360737 21
0.000000095446840 12
0.000000094409793 14
0.000000175011859 7
0.000000153518497 21
0.000000074915026 12
0.000000128914887 17
0.000000078254097 10
0.000000150509558 19
0.000000758748157 11
