0.002607709164828 1
0.002607709164828 1
0.002607709164828 1
0.004282658705382 1
0.008637584241187 3
0.002607709164828 1
0.004295217512182 2
0.010331412127916 4
0.002607709164828 1
0.002607709164828 1
0.002607709164828 1
0.002607709164828 1
0.002607709164828 1
0.002607709164828 1
0.002607709164828 1
0.002607709164828 1
0.002607709164828 1
0.004115441029140 1
0.010410614859326 3
0.004115441029140 1
0.015587341351968 3
0.004288975985268 1
0.004288975985268 1
0.004623811691297 1
0.007995086257586 2
0.007489108825189 2
0.002607709164828 1
0.006697708550543 2
0.002607709164828 1
0.002607709164828 1
0.002607709164828 1
0.009870114142210 2
0.005602849475334 2
0.004167770449799 2
0.005577009178589 2
0.002607709164828 1
0.002607709164828 1
0.002607709164828 1
0.009485631772567 2
0.007985981503612 2
0.007896280790181 2
0.002607709164828 1
0.002607709164828 1
0.004528200477338 1
0.013087858675797 3
0.004364712937793 1
0.002607709164828 1
0.004282658705382 1
0.002607709164828 1
0.005809358845387 1
0.004059042398842 1
0.015902027367490 4
0.006661310928664 2
0.002607709164828 1
0.006831147184798 2
0.005725630165558 2
0.004508789464458 1
0.009307627157375 4
0.002607709164828 1
0.004216992721555 1
0.002607709164828 1
0.002607709164828 1
0.002607709164828 1
0.002607709164828 1
0.002607709164828 1
0.002607709164828 1
0.002607709164828 1
0.002607709164828 1
0.002607709164828 1
0.002607709164828 1
0.002607709164828 1
0.002607709164828 1
0.002607709164828 1
0.002607709164828 1
0.002607709164828 1
0.002607709164828 1
0.002607709164828 1
0.002607709164828 1
0.002607709164828 1
0.002607709164828 1
0.002607709164828 1
0.002607709164828 1
0.002607709164828 1
0.002607709164828 1
0.002607709164828 1
0.002607709164828 1
0.002607709164828 1
0.002607709164828 1
0.002607709164828 1
0.002607709164828 1
