0.000005647013606 31
0.000005550178872 31
0.000005722170204 31
0.000005718261241 31
0.000005730654047 31
0.000005835958640 32
0.000005647053347 31
0.000005829813998 32
0.000005561522840 31
0.000005807765201 32
0.000005840948454 32
0.000005694696557 32
0.000005691063124 31
0.000005690500965 31
0.000005714425236 32
0.000005698935534 31
0.000005736931545 32
0.000005717993938 31
0.000005850304623 32
0.000005733210090 31
0.000005814953607 32
0.000005736303364 32
0.000005741894217 32
0.000005849973509 32
0.000005686757775 31
0.000005699122354 31
0.000005827519302 32
0.000005694268912 31
0.000005633925269 31
0.000005707958556 31
0.000004248293535 26
0.000004537645304 28
0.000004557918257 27
0.000004737733874 29
0.000002542959736 17
0.000002897164249 19
0.000002823709024 19
0.000004471060360 28
0.000004450708488 27
0.000004525396638 27
0.000004809467444 29
0.000003780780160 23
0.000004172816852 26
0.000004819020056 29
0.000003711465892 23
0.000004878954530 30
0.000004757041796 29
0.000004731000518 28
0.000001914973690 13
0.000004191264114 26
0.000004527958652 27
0.000003263800203 20
0.000004173267670 26
0.000004139891648 26
0.000004522226849 28
0.000004619367084 29
0.000004193804991 26
0.000004839222855 29
0.000002988964262 19
0.000003693331460 23
0.000005619700805 30
0.000005583557553 30
0.000005627931502 30
0.000005593897496 30
0.000005622176041 30
0.000005623248921 30
0.000005568772525 30
0.000005620339031 30
0.000005608612217 30
0.000005634067510 30
0.000005616153239 30
0.000005629049214 30
0.000005586954817 30
0.000005628781809 30
0.000005617037347 30
0.000005634014316 30
0.000005621342376 30
0.000005631902941 30
0.000005602886383 30
0.000005603315494 30
0.000005634682436 30
0.000005615756549 30
0.000005603931163 30
0.000005620789906 30
0.000005628808660 30
0.000005611056260 30
0.000005609656870 30
0.000005633759225 30
0.000005610397986 30
0.000005634329180 30
0.000005297721611 31
0.000005474380952 31
0.000005370038580 31
0.000004432075425 30
0.000005290268682 30
0.000005390180461 31
0.000005334817373 31
0.000005257068168 30
0.000005484425802 31
0.000005430125995 31
0.000005073653472 30
0.000005331520363 30
0.000005100083469 30
0.000005507068996 31
0.000005307441462 31
0.000005517511451 31
0.000005515821514 31
0.000005295746067 30
0.000005303671765 31
0.000003969441653 27
0.000005355992156 31
0.000005193531060 31
0.000004805006303 29
0.000004946253217 32
0.000005537903958 32
0.000005521036207 31
0.000005409815162 31
0.000004922783802 29
0.000005289348304 30
0.000005490116806 31
0.000000188574870 1
0.000000432729378 3
0.000000310529523 2
0.000000365234724 2
0.000000188574870 1
0.000000710643956 5
0.000000188574870 1
0.000000304308408 2
0.000000464286348 3
0.000000532946665 4
0.000000309556778 2
0.000000446423860 3
0.000000297848516 2
0.000000365234724 2
0.000000295631831 2
0.000000303911728 2
0.000000434259449 3
0.000000310213920 2
0.000000656934459 4
0.000000440055657 3
0.000000638630619 4
0.000004591586787 31
0.000000295631831 2
0.000000188574870 1
0.000000188574870 1
0.000000188574870 1
0.000000315210180 2
0.000000605502819 4
0.000000303911728 2
0.000000311019839 2
0.000000188574870 1
0.000000188574870 1
0.000000188574870 1
0.000000188574870 1
0.000000188574870 1
0.000000188574870 1
0.000001276013587 10
0.000000188574870 1
0.000000188574870 1
0.000000188574870 1
0.000000439831475 3
0.000000432164594 3
0.000000188574870 1
0.000000330782011 2
0.000000188574870 1
0.000000188574870 1
0.000000453827328 3
0.000000331129458 2
0.000000661054988 4
0.000000593454117 4
0.000001906869684 13
0.000000433378467 3
0.000000525096538 4
0.000001693376432 14
0.000000311019839 2
0.000000188574870 1
0.000000188574870 1
0.000000188574870 1
0.000000310213920 2
0.000002545419170 20
