0.000000000207402 90
0.000000073850570 90
0.000000009746580 90
0.000000152107617 90
0.000000212882849 90
0.000000000985716 90
0.000000077607878 90
0.000000000615050 90
0.000000074397206 90
0.000000023831824 90
0.000000005696754 90
0.000000075960997 90
0.000000120446364 90
0.000000000011819 90
0.000000000000041 90
0.000000000159841 90
0.000000088600995 90
0.000000032822094 90
0.000000000011501 90
0.000000000000722 90
0.000000000000623 90
0.000000000074981 90
0.000000025045736 90
0.000000000018733 90
0.000000000804654 90
0.000000003421395 90
0.000000030156088 90
0.000000000442243 90
0.000000003930726 90
0.000000000063560 90
0.000000959969379 90
0.000009329865545 90
0.000000015153803 90
0.000000000513128 90
0.000000000072777 90
0.000000760175780 90
0.000000016162505 90
0.000000390778277 90
0.000000019493555 90
0.000000169164855 90
0.000000004720445 90
0.000000000343627 90
0.000000004978610 90
0.000000008751654 90
0.000000007353450 90
0.000000032798926 90
0.000000282881179 90
0.000000007890194 90
0.000000030989762 90
0.000000681239014 90
0.000000009095150 90
0.000000047156189 90
0.000000153137089 90
0.000000006014069 90
0.000000000000000 90
0.000000000373483 90
0.000000161217632 90
0.000000308281156 90
0.000000004043973 90
0.000000000021032 90
0.000000000376506 90
0.000002412856249 90
0.000009362172256 90
0.000002465530627 90
0.000000045456224 90
0.000000000000809 90
0.000000000313466 90
0.000000001600625 90
0.000000000638946 90
0.000000000082075 90
0.000000000099497 90
0.000000000903179 90
0.000000000000397 90
0.000000000093571 90
0.000000000103780 90
0.000000475947819 90
0.000000049696544 90
0.000000008646140 90
0.000000000062023 90
0.000000000000000 90
0.000000012786139 90
0.000000038106248 90
0.000000007086995 90
0.000000000002425 90
0.000000000000001 90
0.000000000062917 90
0.000000123878960 90
0.000000006322396 90
0.000000000472258 90
0.000000000014967 90
0.000000003644048 90
0.000000333012568 90
0.000000000363144 90
0.000000018564961 90
0.000000414360524 90
0.000000001663779 90
0.000000423809510 90
0.000000089956315 90
0.000000058367981 90
0.000000000826342 90
0.000000001577555 90
0.000000001379687 90
0.000000036489196 90
0.000000000002133 90
0.000000000000000 90
0.000000000885434 90
0.000000003659639 90
0.000000109183062 90
0.000000000006381 90
0.000000000000000 90
0.000000000000315 90
0.000000000033437 90
0.000000000000028 90
0.000000000000000 90
0.000000000000009 90
0.000000000013625 90
0.000000001497453 90
0.000000000004395 90
0.000000000113790 90
0.000000077491382 90
0.000000000042622 90
0.000000143508797 90
0.000000002136885 90
0.000000000990973 90
0.000000112450307 90
