0.000895608901242 1
0.001398652743821 2
0.002599633398156 4
0.001515191179598 2
0.003591629778280 5
0.002137959866002 3
0.000895608901242 1
0.002294130820272 3
0.000895608901242 1
0.001448252667349 2
0.001617854293721 2
0.001413880926098 2
0.000895608901242 1
0.000895608901242 1
0.000895608901242 1
0.001604965217746 2
0.002311387071015 3
0.002214305537864 3
0.002287470045544 3
0.002646485467672 4
0.004397857716684 6
0.002859428298684 4
0.002342680649359 3
0.002281468543016 3
0.002060528335237 3
0.003509596217664 5
0.001895401050205 3
0.001688382207132 2
0.000895608901242 1
0.001604965217746 2
0.002102516873850 3
0.002944404369236 4
0.002059870816133 3
0.000895608901242 1
0.001583162981963 2
0.000895608901242 1
0.000895608901242 1
0.000895608901242 1
0.002863851098481 4
0.002840189681950 4
0.002338408258322 3
0.002078656072226 3
0.001540691201207 2
0.002785128084736 4
0.004242019309321 6
0.003289983411472 5
0.001613206845058 2
0.002707045455379 4
0.001398652743821 2
0.002768497081683 4
0.001465658535097 2
0.004311712535843 6
0.002235685644317 3
0.000895608901242 1
0.001688382207132 2
0.001555107968465 2
0.001677018972484 2
0.003432239116460 5
0.002130690055465 3
0.003423320334324 5
0.000895608901242 1
0.000895608901242 1
0.000895608901242 1
0.000895608901242 1
0.000895608901242 1
0.000895608901242 1
0.000895608901242 1
0.000895608901242 1
0.000895608901242 1
0.000895608901242 1
0.000895608901242 1
0.000895608901242 1
0.000895608901242 1
0.000895608901242 1
0.000895608901242 1
0.000895608901242 1
0.000895608901242 1
0.000895608901242 1
0.000895608901242 1
0.000895608901242 1
0.000895608901242 1
0.000895608901242 1
0.000895608901242 1
0.000895608901242 1
0.000895608901242 1
0.000895608901242 1
0.000895608901242 1
0.000895608901242 1
0.000895608901242 1
0.000895608901242 1
