# xi_x xi_y xi_z eigen_value_1 eigen_value_2 eigen_value_3 eigen_vector_1_x eigen_vector_2_x eigen_vector_3_x eigen_vector_1_y eigen_vector_2_y eigen_vector_3_y eigen_vector_1_z eigen_vector_2_z eigen_vector_3_z local_bandwidth scaling_factor
27.528104691935329 11.163922174421966 10.475869799309928 9.743048527842051 4.661458099256270 7.832312932171902 0.999232256265244 -0.031174343607389 0.023728850366558 -0.024264408793387 -0.967966486108392 -0.249904222126957 -0.030759331998232 -0.249136593200638 0.967979762920384 0.609287409536436 4.948271713635084
28.481786398402917 8.837814191916198 12.220913249566523 11.231036744153709 4.179956120758493 7.776477003415980 0.952901033816703 0.281855796064306 0.111968432944357 0.280536558113093 -0.959443652068178 0.027696896362890 -0.115233932993358 -0.005018837617814 0.993325702856746 0.614579586671161 5.185069227300819
25.900176835051180 9.877251407044689 9.820004930985428 9.825600968134740 6.226769636860555 5.699960596542307 0.759828546165654 0.646350243155294 -0.069942430647505 0.606858070340593 -0.666554956648026 0.432929292414410 -0.233203479592998 0.371397163345442 0.898710344974774 0.605272907726732 7.954010002950227
24.821197003876744 11.729432401640329 10.171297639694917 9.237813829065448 4.864301148739943 7.768716697115289 -0.989945415456358 0.102103058699753 -0.097893001900514 0.125833550155906 0.951782120378235 -0.279779757994518 -0.064606439865545 0.289284912728723 0.955060336939732 0.605479752527167 6.392719205314672
25.522075450293986 10.527845314468969 10.144696795331345 9.818325207606240 6.222158775408838 5.695739831984818 0.759828546165654 0.646350243155294 -0.069942430647505 0.606858070340593 -0.666554956648026 0.432929292414410 -0.233203479592998 0.371397163345442 0.898710344974774 0.604824709113203 7.948120137056991
24.667348654748533 9.756024333028105 11.776769464175697 11.274732662017804 6.598139595244207 4.551335725251379 0.331544814720238 -0.921185326597330 -0.203704761588658 -0.883266267293530 -0.227200090952488 -0.410147314671858 -0.331539947658616 -0.315907759849217 0.888978936968459 0.599343111614486 8.562477516966789
24.626135403301802 6.963966346480627 8.984303269928880 13.375449476619300 8.677268844356258 3.064860122530424 0.794126726347110 -0.535404367361123 0.287584606527987 0.409329915571687 0.820958323638267 0.398091008523330 0.449234641049972 0.198417726677034 -0.871101970506909 0.609285265638956 9.662340997185753
25.307237190880720 9.117412077226520 11.027993678149631 8.712694648357214 6.474136279430724 6.011994214315170 0.588534628758088 0.755979405447530 0.286569588916511 0.698405729451884 -0.653953323912155 0.290816930753740 -0.407254745609380 -0.028986008408243 0.912854524825942 0.599658883193633 8.548491839000995
28.539509247975214 10.054416354346856 8.270457991951417 10.272921690917487 5.176412601778270 6.844180925401306 0.886203917155726 0.393291214670902 -0.244876780607174 0.232266099699412 -0.834486605107677 -0.499684465264118 0.400867903614483 -0.385945755720349 0.830873514738061 0.613952480509077 4.919851337267528
23.625632299948332 11.747371903657065 11.822791947443358 11.504795338890087 4.330899107092890 6.844857222993032 -0.668813730303936 -0.739353583925392 0.077746203081645 -0.158144063800068 0.039307205423517 -0.986633365889576 -0.726414929115401 0.672169042383292 0.143213579034232 0.600796087577871 6.533473844173226
24.309894851393832 8.944238872320259 10.449713558938260 14.532715252056562 5.850211830724765 3.977328994087403 0.823625633942803 0.538982466249471 -0.176461656424147 0.248020514304239 -0.622126468304517 -0.742593079633260 0.510026116582844 -0.567852585193187 0.646078015330066 0.599087053058461 10.083524366043502
20.038407063552146 10.185931306481793 9.586260396625450 12.515189910420254 4.016112236438294 6.988528905837597 0.928868985963008 0.367347313445592 0.047522186611728 0.307229835166862 -0.835736621476198 0.455141876679013 -0.206911177318667 0.408166939900645 0.889149882681625 0.606731198408722 5.161389165090627
26.460581361455443 9.539388192907104 11.429878671110318 15.535189322810471 3.953944506867904 5.723974740046737 0.872768533591502 0.411280996292363 0.262912587871521 0.206158021655443 0.177644097606406 -0.962258512403356 0.442463509093860 -0.894030489790123 -0.070253302029015 0.606924849860302 6.966396280365516
23.395394498849328 8.311304565675275 8.753053353485013 12.267062844037490 7.528344188704053 3.807756113743249 0.800558234700559 -0.543046942314127 -0.253390077344005 -0.559426044382965 -0.828833038088167 0.008848493632689 0.214823215037745 -0.134669274212106 0.967323716686421 0.606954827884219 6.998578545007459
20.587459618749975 9.393917999284273 12.319875979781889 16.704141473849514 8.345038554451721 2.506822552002971 0.974377199486916 0.224670494479562 0.010594433932152 0.135702174851195 -0.549659100701125 -0.824293511291389 0.179371103750547 -0.804610490813250 0.566063569939429 0.605682942999726 6.027891386560519
23.123851396777628 10.924597063001304 8.510166844186232 11.765739202048520 6.398199839161441 4.660873307575950 0.692988295654066 -0.622633405430596 0.363448572054386 0.718803566663175 0.635566394093892 -0.281738870677773 0.055575665886908 -0.456489869701822 -0.887991184765277 0.606505507321013 7.844336924418725
20.772204304884099 8.935104794181461 9.747007745121875 14.891021403663171 6.022921940841060 3.873322945372379 0.951828931139048 0.306479095794530 0.009604670096635 0.129022687224595 -0.428726694477302 0.894173678668697 -0.278163318983727 0.849861156474123 0.447617227872681 0.604493711183804 5.941837344373871
24.773804995718525 8.595983806440426 9.392546896023152 13.292218912197134 8.623273351732170 3.045788611078109 0.794126726347110 -0.535404367361123 0.287584606527987 0.409329915571687 0.820958323638267 0.398091008523330 0.449234641049972 0.198417726677034 -0.871101970506909 0.605493904709973 9.602215758311278
23.943635543322689 10.079102754128282 10.509375308017198 9.447835013089602 6.340452427542144 5.631377785678938 0.130187464382072 -0.822593041266045 0.553526794815251 0.910966529990629 0.319622237320792 0.260732826178223 0.391396481019693 -0.470300238008370 -0.790965537033486 0.598607812844691 7.774247351803138
24.604943795479564 9.568625624503712 9.245659652991176 12.672796822204518 4.347694214173784 6.311123583552405 0.905260815658921 0.394400863371533 0.157958268553235 0.412330743090525 -0.725980187311056 -0.550396335320485 0.102402216455319 -0.563383285697752 0.819825017586951 0.604689869286434 8.547978312390917
22.655079104448099 9.033000655854726 9.572416822074265 15.275537972601628 5.902293499169061 3.775706570682411 0.981247527330303 0.187733430803978 0.043697243239531 0.146394091016779 -0.873321948990372 0.464626240678493 -0.125387639835581 0.449516331594555 0.884428067966093 0.600424622707381 7.297005887700334
20.547434795336645 9.522199251988681 10.210996430755648 14.891836737164571 6.023251716072830 3.873535022829895 0.951828931139048 0.306479095794530 0.009604670096635 0.129022687224595 -0.428726694477302 0.894173678668697 -0.278163318983727 0.849861156474123 0.447617227872681 0.604526809247446 5.942162679951291
20.739603306067909 8.921034329645117 10.550343950968259 17.816062609726469 5.858463095452976 3.323967150348469 0.973873504769291 0.227090888136773 -0.000353883637393 0.018451349517939 -0.077574770932753 0.996815781684709 -0.226340328729424 0.970779008549311 0.079738147399306 0.604232425243017 6.580903384153685
24.103890791592278 10.153387395186474 10.867039684022860 9.448102387339224 6.340631862693978 5.631537153979474 0.130187464382072 -0.822593041266045 0.553526794815251 0.910966529990629 0.319622237320792 0.260732826178223 0.391396481019693 -0.470300238008370 -0.790965537033486 0.598624753478662 7.774467363430054
26.278801369086601 10.478467542350213 8.531536348646364 11.380675903180386 7.282911539705520 4.246828731396476 0.967940201006001 0.240459973265328 0.072600058772011 0.158345380507829 -0.808517987291123 0.566767504977608 -0.194983352490136 0.537101168760551 0.820672789099138 0.607154552705658 5.955412680601529
22.630379818119373 9.311627860145217 8.964441834468820 15.429990218993657 5.961972084070413 3.813883056682774 0.981247527330303 0.187733430803978 0.043697243239531 0.146394091016779 -0.873321948990372 0.464626240678493 -0.125387639835581 0.449516331594555 0.884428067966093 0.606495566456306 7.370786526608938
23.376894935745256 8.614395519296146 10.066792224596176 16.039782634604446 2.291187725145353 9.233156549512298 0.917332290133470 -0.275444292878356 -0.287457668186513 0.028283008724851 -0.675121900165495 0.737163815806502 0.397116533143553 0.684354339094650 0.611520725459383 0.599776935094951 8.667969536650299
25.801652973908375 8.173088077901117 10.553769086516988 13.837552139450645 6.754461110665626 3.758616340171875 0.475658100307363 0.822690659541301 -0.311334948753733 0.622997557850287 -0.564944785767304 -0.541028124913034 0.620985840840650 -0.063383497361968 0.781254835337098 0.606753981000270 9.295863042581599
26.976504387591199 11.401813053042913 12.254604897392216 11.488370998433505 5.656476966133461 5.493053573313555 0.923807243766792 -0.366650001028077 0.110217753153083 -0.348487683053158 -0.686062484485040 0.638650610382904 0.158544981390911 0.628399589535453 0.761562502193635 0.609994725701212 5.393934861510915
23.640150328375299 11.253961496093414 8.726653364091847 11.623779461212068 6.674972483515848 4.511457544193504 0.839353568776919 -0.470077780115523 0.272969718509420 0.516391108379360 0.846380643612084 -0.130307441481794 0.169781653214317 -0.250333151541014 -0.953156599657872 0.606025942074370 7.721215826657326
33.370371105140386 72.173848898564657 35.968230530268201 5.550172716905961 2.495823633012739 39.354352096711672 0.854571866030602 -0.519208660306931 -0.011370701440835 -0.511693510014431 -0.845540531539056 0.152417063788027 0.088750648437553 0.124433020484652 0.988250851664181 0.702464469568877 1.827286493042687
34.256484516681709 70.633719026524986 49.766390364837129 5.968425971184553 3.719004099296281 22.248597862768314 0.939062924149776 -0.342559630095128 0.028525853472956 -0.328213853507339 -0.918203359380395 -0.221761712629616 -0.102159144735724 -0.198885622033485 0.974683547873472 0.679698557675601 1.768695537413046
33.225685161339797 73.175776728308790 40.105000207208207 30.445477177036175 2.126339925613872 7.577564738052936 -0.246327918599039 0.816913748816744 0.521511729027103 -0.185382399546325 0.488443006270336 -0.852676254837698 0.951291712597724 0.306717062811592 -0.031124281889202 0.678185273259085 1.890106568072607
30.603307811876999 73.348768110575577 44.019893634447016 27.983403574314721 3.399362240073218 4.866099195324705 0.173775491782565 -0.823629502396539 0.539848609554344 0.230549804133437 -0.498929493512685 -0.835413758755032 -0.957417811757104 -0.269636427964039 -0.103185902356050 0.665190885607934 1.656843790862223
30.913858803250740 71.723858206276901 27.295150015142664 7.468397812827483 2.859139766514017 55.126812016415407 0.885615269151258 -0.463640952558560 0.026882376322345 -0.461960704457394 -0.873500651796345 0.153586844646894 0.047727377713146 0.148437456263411 0.987769415903669 0.907949887280178 2.319477310292794
31.670816498880374 69.264469882913659 59.436211856492925 61.446654039475703 7.488714569638521 2.103631859796460 0.042280463155429 0.909772687121636 0.412947963069004 0.132880675857474 0.404525193572513 -0.904821581168786 0.990229815961438 -0.093129079951420 0.103787696999108 0.850638553351124 1.591295312864407
36.321041646360264 72.632768969865907 59.229420264803849 62.240751393113406 7.585493938911868 2.130817855828386 0.042280463155429 0.909772687121636 0.412947963069004 0.132880675857474 0.404525193572513 -0.904821581168786 0.990229815961438 -0.093129079951420 0.103787696999108 0.861631663304424 1.611860198236194
36.396629177932972 68.468500096870557 49.060446582753855 6.758821456389848 3.132972149400201 23.844686936512481 0.964716027169061 0.262014569252405 0.025910469363192 0.263132226286543 -0.962882716369774 -0.060152356610965 -0.009187949315907 -0.064847821982253 0.997852865692897 0.684741034195915 1.962576445987404
34.684478670410911 71.426991686098773 37.319966290486192 32.386982022178358 2.904875721508966 5.403724147993976 -0.034931527219516 0.946081191486939 -0.322040630232841 0.039263686838462 0.323287677087638 0.945485822600810 -0.998618120855997 -0.020382761293123 0.048439567918224 0.686304815252358 1.716883384525779
34.639941135847280 71.092004700416098 38.449899069091657 29.274603427325861 2.470895636956449 6.854953841390359 -0.093652110319505 0.856184447974953 0.508111674023073 -0.005931581188403 0.509865810742645 -0.860233498173810 0.995587313387082 0.083576588118751 0.042671481590403 0.680617789193378 1.686134084256464
33.530350804478232 68.044958210723607 43.764255311556298 5.642577147742184 3.584628155889136 22.375246648874082 0.905502388917289 -0.424256834069847 0.008459456845015 -0.402814920629633 -0.865665555426019 -0.297259627038561 -0.133437488672506 -0.265761706974485 0.954759211384097 0.660211562922301 1.501305256412079
32.733907977904664 68.764864276164914 53.263858966870302 7.266438972120555 2.171201844401389 41.156739789450555 0.897260582468292 0.440958293815074 0.021891328519755 0.436632488397705 -0.893617609388387 0.103921308048984 -0.065387439346470 0.083686028144986 0.994344573811829 0.744630649805214 1.705072416576825
34.195527923872334 73.288507612086619 35.648464482783623 5.830187515757466 2.231980859924875 43.034618569673391 0.885615269151258 -0.463640952558560 0.026882376322345 -0.461960704457394 -0.873500651796345 0.153586844646894 0.047727377713146 0.148437456263411 0.987769415903669 0.708788983985603 1.810694608999684
33.958935733754380 68.630874097355900 44.074618362411101 5.636981810333798 3.581073538293198 22.353058728121166 0.905502388917289 -0.424256834069847 0.008459456845015 -0.402814920629633 -0.865665555426019 -0.297259627038561 -0.133437488672506 -0.265761706974485 0.954759211384097 0.659556878660350 1.499816520105484
31.869288010864842 70.056603626389318 33.256673393426240 40.690729591328285 3.177154367320026 5.163960704632991 -0.117676016641357 0.849248632620193 -0.514712652943520 -0.006030370924051 0.517693205178877 0.855545077677465 -0.993033730410978 -0.103781045014756 0.055798789966304 0.751551738988338 1.753282198844725
32.629586611818922 71.025339577203880 46.764332949465000 17.748853557866028 5.800528176962586 4.302361808454109 0.112420858925969 -0.993247970275275 0.028635991730563 -0.172487533405437 0.008874365454134 0.984971723684236 0.978575291583665 0.115670718774597 0.170325228665962 0.655493267706120 1.627325642003629
30.348127327827413 68.056231225118466 43.960067126616451 29.333762818311097 3.520036428024287 4.455685693569721 0.065027092086190 0.941179060888175 -0.331592298825630 0.357595223706203 0.288247962055696 0.888278542098845 -0.931609968429560 0.176337992833053 0.317817210053648 0.663839571799682 1.754371253410036
34.129263328952668 70.296392045020184 44.393917012645367 5.689177745012247 3.614232680325697 22.560038071410453 0.905502388917289 -0.424256834069847 0.008459456845015 -0.402814920629633 -0.865665555426019 -0.297259627038561 -0.133437488672506 -0.265761706974485 0.954759211384097 0.665664080867774 1.513704151420805
31.376747031466746 71.679548424919176 63.831447748639420 75.579391679119297 9.211119799431579 2.587467434403974 0.042280463155429 0.909772687121636 0.412947963069004 0.132880675857474 0.404525193572513 -0.904821581168786 0.990229815961438 -0.093129079951420 0.103787696999108 1.046285520441539 1.957293421556528
32.179173601267053 67.659948946369724 51.170162880958529 37.173820656398583 6.693225666992084 2.235860595293953 0.063931211627657 0.956845396636466 -0.283477842371188 -0.016959109312515 0.285059604720820 0.958359749972700 -0.997810196776494 0.056461568274484 -0.034451451592638 0.707227446106465 1.928680350408981
31.675617834424056 73.046802084249123 39.317583946753686 25.721118446975002 3.060814746301550 6.292951139619993 -0.178493036625557 0.842748193757890 0.507854031975725 -0.153960158132839 0.485863416341979 -0.860367950570111 0.971821231288913 0.231758975183949 -0.043026408608982 0.680425208042621 1.575346409092789
31.820150224354357 69.824923902947901 31.735614613409858 43.391676617368688 3.388045784747771 5.506731268047522 -0.117676016641357 0.849248632620193 -0.514712652943520 -0.006030370924051 0.517693205178877 0.855545077677465 -0.993033730410978 -0.103781045014756 0.055798789966304 0.801437829867589 1.869660607104783
30.959480121752229 68.079580034425049 51.266359221065073 37.253887042959903 6.707641790600925 2.240676276748240 0.063931211627657 0.956845396636466 -0.283477842371188 -0.016959109312515 0.285059604720820 0.958359749972700 -0.997810196776494 0.056461568274484 -0.034451451592638 0.708750699436009 1.932834415387031
36.431247122312861 69.114359147402652 35.621799552555657 38.850320506682124 2.785626724212595 5.236413627697332 -0.120403920364288 0.971486462601923 -0.204247274013910 0.065087773802099 0.213026731997077 0.974875988603747 -0.990588954946701 -0.104084890526189 0.088881144804475 0.711601956702478 1.761337702996104
30.820833248533948 70.155690569878630 49.494208069257610 21.768242049342163 6.004390400373794 3.797643004549129 0.124550651366256 -0.979992489486715 -0.155247723957136 -0.221507372441702 -0.179980157392394 0.958405773615217 0.967171969816234 0.084981547965655 0.239492207195029 0.680856281999981 1.726278491003866
30.252965365377129 68.221337642132212 48.443629764015469 6.649438948066948 3.082269174862651 23.458792489659736 0.964716027169061 0.262014569252405 0.025910469363192 0.263132226286543 -0.962882716369774 -0.060152356610965 -0.009187949315907 -0.064847821982253 0.997852865692897 0.673659414070982 1.930814764483806
34.637544285882093 70.563612520949917 51.880297923523017 6.899350793553059 2.061516407914319 39.077571065533398 0.897260582468292 0.440958293815074 0.021891328519755 0.436632488397705 -0.893617609388387 0.103921308048984 -0.065387439346470 0.083686028144986 0.994344573811829 0.707013171699187 1.618935048585664
31.842294592025976 71.523684235037607 43.187276529430214 27.688412445729274 3.363527367413540 4.814802501210086 0.173775491782565 -0.823629502396539 0.539848609554344 0.230549804133437 -0.498929493512685 -0.835413758755032 -0.957417811757104 -0.269636427964039 -0.103185902356050 0.658178678906590 1.639377930483293
31.571313136373373 71.212065497855619 29.657571582155352 6.888692892994874 2.637210320510159 50.847810690894882 0.885615269151258 -0.463640952558560 0.026882376322345 -0.461960704457394 -0.873500651796345 0.153586844646894 0.047727377713146 0.148437456263411 0.987769415903669 0.837473858845571 2.139437033661121
33.031082828599054 69.189935928391620 33.104502222497992 40.790503972224421 3.184944805417218 5.176622826631081 -0.117676016641357 0.849248632620193 -0.514712652943520 -0.006030370924051 0.517693205178877 0.855545077677465 -0.993033730410978 -0.103781045014756 0.055798789966304 0.753394557001730 1.757581277472286
89.646006088746518 18.625048706581982 79.356381597167115 2.873170171695528 8.455960746414069 14.748261655097870 0.664889519177907 0.713817895059885 0.219968043087278 0.743907476369149 -0.606306009447215 -0.281059939355074 0.067257667885937 -0.350509679752884 0.934140979997171 0.610766240464965 25.510045511318239
87.776596847775579 20.625231451027187 78.397942344393257 1.945259684447826 15.463720128978251 12.027541665521721 0.651693518887510 0.731767594705146 0.199528806891288 0.714949125371029 -0.504813702010775 -0.483746704788132 0.253265286944768 -0.457907538266867 0.852160419655339 0.612739845075494 20.227124292136295
88.895616660571548 20.052165079260973 79.260437003608686 1.919240206208771 12.534145657849825 14.862355932121304 0.604611784721670 0.709532264116489 0.361951040823763 0.759632835758275 -0.376954674569147 -0.529965214102124 0.239588281461174 -0.595373109485302 0.766895244403226 0.610319462549147 26.071214172316189
91.543014595406731 18.707143090276553 80.267050869349177 4.124365479737196 8.911480402137787 9.816488837122636 0.245745679979372 0.929191902838649 0.276064246997991 0.691560166127859 -0.367626716978106 0.621767748913618 -0.679230150535652 -0.038118298269873 0.732934784234126 0.612173278918999 21.659262310583507
89.960717181772509 18.831906502258803 80.523276660531749 2.041827561518446 14.381180923519386 12.194518607689407 0.391251420284422 0.837797466413400 0.380811937045979 0.380311897451063 -0.524005537274139 0.762089927477862 -0.838024574092308 0.153341456160194 0.523642254826782 0.610631776792812 29.054363931745197
89.828453668777755 20.771790551213666 80.823504153963725 12.183123928864243 8.630281747528986 3.404633230726822 0.634841626104338 0.717842118444138 -0.285795036263459 0.202518676297348 -0.511558193785224 -0.835041555925194 0.745628792037948 -0.472240306791818 0.470134871207401 0.610573521701990 18.085878573925772
92.163235949280690 21.336527949436391 79.630818162057551 8.483690007807613 6.978426138172474 6.135549134118278 0.390785787006245 0.875008168892353 0.285739694557061 0.470116499875591 0.077158933902731 -0.879225213164248 0.791376614020552 -0.477919661962810 0.381203163012481 0.613552714556378 10.290405669497524
89.760620822424073 21.099659595887115 80.655263730722595 12.186277383006360 8.632515591482580 3.405514478822672 0.634841626104338 0.717842118444138 -0.285795036263459 0.202518676297348 -0.511558193785224 -0.835041555925194 0.745628792037948 -0.472240306791818 0.470134871207401 0.610731561266582 18.090559884649998
90.640131526097591 18.383043955689164 79.975673875601061 4.118951596602002 8.899782672221326 9.803603140250422 0.245745679979372 0.929191902838649 0.276064246997991 0.691560166127859 -0.367626716978106 0.621767748913618 -0.679230150535652 -0.038118298269873 0.732934784234126 0.611369704500863 21.630831097219875
89.261969090794310 20.279924599043238 79.901849610357047 13.517560456820465 3.242915916504218 8.142689114044025 0.776283503247921 -0.622739177359231 -0.097876654862553 -0.199577474659427 -0.390066655431135 0.898897566983766 0.597957150800709 0.678265376753610 0.427087022167125 0.609987025518671 22.156647045841094
90.910178908092590 20.317218215191303 80.786327962108970 8.315772377707802 6.164461152810734 6.996467090807214 0.249560728570997 0.770774473211342 0.586196344411061 -0.880453531142913 -0.071406125373420 0.468724593719095 -0.403138961467492 0.633093892487468 -0.660810941981123 0.610959111982340 14.196840571706113
89.533580903264053 19.055553744081749 79.589950306797448 2.461115704702401 14.686258108059642 9.888699415163675 0.816919505893738 0.574584135213582 0.049955905068296 0.400116150184175 -0.626983410913114 0.668430152522724 -0.415390884892924 0.526065465508446 0.742095370385273 0.610258866618099 32.004843390834687
89.982979586138555 20.379151735555080 82.259308950690851 3.791813982500234 8.733974361415081 10.914736548597933 0.245003433617839 0.913837911960609 -0.323841918501826 0.721566605041339 0.051223051816626 0.690447560247487 -0.647545328146675 0.402835536697131 0.646845096116024 0.612553522124012 17.794461997493624
89.957742848339350 19.044054999507225 79.654018224300614 3.799149116401509 8.880288498834124 10.594974022638350 0.840151934463545 0.507033284075235 -0.192514871781495 0.539149113059873 -0.742289434873246 0.397900274895997 -0.058846927735575 0.438090908049277 0.897002450041606 0.610273362130080 25.621683114160263
89.536404025353903 20.481481473773464 78.459202985555379 12.068734635067408 6.430970987693123 4.619932995454223 0.942786466077154 -0.308882822300319 0.125479406555583 -0.237738639969868 -0.358985340003313 0.902557402455924 0.233739210332861 0.880750207351946 0.411879902158961 0.610911028304918 14.916777810089428
90.063261994200332 20.156506537965374 80.232181036200274 2.017718192322262 10.144148087771507 17.439415422347697 0.642223832236319 -0.685687023416863 -0.342610354813481 0.217676032087522 0.591715520382725 -0.776202221069247 -0.734959654921499 -0.423917502417537 -0.529271439605188 0.609989905146198 32.164865672475138
89.402683931034630 19.762078270263991 78.575939091017474 2.628468669311959 14.892857934007308 9.149429711835696 0.677981432343199 0.648010368199768 -0.347021238692196 0.689998001869632 -0.723802652754706 -0.003532319516371 0.253463872798039 0.237049114258737 0.937850618497086 0.610677054565043 24.260707724169198
89.506680116637810 19.457138523983282 80.416050046261432 3.276421192262681 8.670453522923122 12.572181705191893 0.440836786407779 -0.804022117430405 0.399012985292949 0.530952510694271 -0.124836933516746 -0.838155815715423 -0.723707371205457 -0.581346862649885 -0.371864849306873 0.610104235652240 26.231093394125793
88.843817568178082 20.781198101709993 81.494484544491371 3.262309368221502 9.947738629572868 11.090923244272117 0.303544679046769 -0.682056397410791 -0.665326760752495 0.848703279596362 0.510931458757891 -0.136571547746643 -0.433085870266825 0.523209437226191 -0.733954027015779 0.611682017382835 17.947426677461056
87.930014974986463 20.426258730778102 80.676908035030252 14.452245152029837 7.072871045453526 3.520758680332124 0.592644209409005 0.699054513963056 -0.400119516597043 -0.018251833467735 -0.484973593190975 -0.874338312372562 0.805257543664784 -0.525474452676161 0.274657765147187 0.611658595122732 16.420273622252250
89.362562974447769 19.602728185671204 79.867119422413040 2.466022605297320 15.817341163251598 9.149560437275561 -0.810710708894833 -0.585446470867360 -0.000759099592136 -0.383003739204417 0.529391854330404 0.757002245917442 0.442782432170330 -0.614000565404927 0.653411832953581 0.609953739970168 32.090060378604676
89.702209120598269 19.690987030952879 78.323996193670027 2.629775574468272 14.900262835976816 9.153978914573900 0.677981432343199 0.648010368199768 -0.347021238692196 0.689998001869632 -0.723802652754706 -0.003532319516371 0.253463872798039 0.237049114258737 0.937850618497086 0.610980690290578 24.272770429877156
91.152331564783125 21.079618592036820 79.186635740795793 3.791514095095688 8.040145572770037 11.803727039739920 0.528188071145177 0.737593209662811 -0.420682324990307 -0.822952043310090 0.322603569047067 -0.467628989317218 0.209206347684972 -0.593197432814242 -0.777399195903178 0.611624994657575 12.015524980490294
88.533575672197486 20.521064876452758 79.424212030186936 2.313924917311340 10.828754510782387 14.295887860662278 0.459672490802651 0.671868471655317 0.580770142134420 0.869376414000545 -0.206894862971032 -0.448752901334075 0.181344566995647 -0.711187227438560 0.679210479563894 0.610707065700293 19.943743182320780
90.141953163320778 19.680671582854906 80.691538751070183 1.989287563504684 8.642397188088703 20.791145344980954 0.483164259380876 0.875275130619414 -0.021112654406725 0.318643920220623 -0.153333251934169 0.935390274675617 -0.815486572889684 0.458674568262141 0.352986246001422 0.610271906555317 32.132498728525412
90.694749143656011 19.274402621536417 78.616636044604945 11.149229449387409 7.195807637020632 4.476551648436041 0.376444628808001 -0.819745456498191 -0.431632746663386 -0.667645564473594 -0.563052631663471 0.487053522947505 0.642291866428607 -0.104829006135762 0.759257556954322 0.611236540908263 15.118363416235898
88.417061602664916 20.610379379107204 78.811140742215969 2.263255375388008 11.854618611381179 13.390886837273944 0.469968541675989 -0.658885387084635 0.587366679784676 0.872467400319047 0.447698098578161 -0.195875082412292 0.133903716212309 -0.604513406977736 -0.785260043277833 0.611312775986642 19.375949819890739
89.493183645701308 19.403685961549492 79.947432703730456 2.460086701966684 14.680117722322489 9.884564908715465 0.816919505893738 0.574584135213582 0.049955905068296 0.400116150184175 -0.626983410913114 0.668430152522724 -0.415390884892924 0.526065465508446 0.742095370385273 0.610003714841998 31.991462032395329
88.063720194153490 20.188778596793828 80.523891023834210 3.978945552143602 8.698263191271058 10.378722183156055 0.420946877846002 0.906256745240074 0.038761291755703 0.774787620779994 -0.381445255651090 0.504186135893632 -0.471707397353253 0.182203810739904 0.862724696895874 0.611272398350826 17.522176474370639
90.088422087044663 19.689113828301529 80.097400166268784 2.116382617712854 8.880395948956968 18.990880097328013 0.502588128355886 0.856805388451180 0.115280959211621 0.358565949385305 -0.327924929931963 0.874011270104987 -0.786661066264972 0.397931861818252 0.472032414324182 0.609972860826332 32.605952014674457
61.995231728200650 82.924771086318259 18.854006800854624 15.933894433753343 9.290219737841301 2.644559310401260 0.976502886481618 0.203645663947667 0.070502171940893 0.116183923057736 -0.773021926459902 0.623649258185349 -0.181503192026981 0.600804081849928 0.778518494652812 0.629052734388716 3.021893088215277
61.950466613439630 79.415388346898894 22.024421621469305 2.394535343308375 13.394088305564624 11.619782511058613 -0.160533983806723 -0.981111210066982 0.107933468044187 -0.685316537544470 0.032097211189170 -0.727537636416108 -0.710330967515286 0.190763105748414 0.677524430610452 0.618819674451806 3.182756720082577
62.468708886745944 76.963418456058079 22.826384116269978 16.790458482637884 6.074413788267960 3.760987552390361 0.915007756461997 0.400947930521346 0.044738826817784 0.279878982102387 -0.710729534518414 0.645392348994447 -0.290565932262737 0.578017547980931 0.762539935501347 0.624802729354973 2.743535359054158
70.322464306796604 81.525514021099369 22.834703162932030 33.211006449214722 1.641928511123983 9.381838174956773 0.993979140184245 0.102415582965097 0.038942486367815 0.097970664590463 -0.671582274013370 -0.734424263018818 0.049063405490152 -0.733817618756152 0.677572494014300 0.687745962740716 2.392375231311533
56.539750761078047 80.428183686195453 25.297419555562701 18.936886593233332 8.628902532516538 2.400790127777269 0.964700177039137 0.231811917246808 -0.124967209471189 0.156423420181745 -0.122633575721192 0.980047304840169 -0.211861468982215 0.964999606802093 0.154565445143810 0.629495683067299 3.622847860365469
63.044219172377254 81.811084632808843 21.436981652864773 2.413165494838325 13.498298041050687 11.710187653555689 -0.160533983806723 -0.981111210066982 0.107933468044187 -0.685316537544470 0.032097211189170 -0.727537636416108 -0.710330967515286 0.190763105748414 0.677524430610452 0.623634263777860 3.207519453338449
63.449090822673945 79.060790033189761 24.946714172717460 20.414611720766164 7.535134391904077 2.518392809516597 0.994039943413798 -0.090587083150679 -0.060651226402644 0.011166238846724 0.638027459506231 -0.769932643824148 -0.108443100324136 -0.764666555619034 -0.635236296750912 0.626861853565291 2.631386992110452
57.594864407696065 78.414906631418120 26.445159025916901 19.545561722465983 5.352428283355517 3.785476084458750 0.952822429824565 0.277315458427309 -0.123391870641721 0.128765287952709 -0.001175177958500 0.991674401996553 -0.274861633993665 0.960778203059384 0.036828340776024 0.631480314633510 3.282467956534006
59.320251496608392 80.146132911367289 24.700049113448873 23.948390443002598 6.775763619437363 2.290359248432102 0.985045421267384 -0.148797184554846 -0.086861475400275 -0.009038287416369 0.458823716158795 -0.888481348622926 -0.172057628138774 -0.875979563322561 -0.450617329050354 0.618252723600613 3.632090607891720
62.914768398766469 80.553362620876527 22.402684380931760 2.404273148915083 13.448557757670709 11.667036431783197 -0.160533983806723 -0.981111210066982 0.107933468044187 -0.685316537544470 0.032097211189170 -0.727537636416108 -0.710330967515286 0.190763105748414 0.677524430610452 0.621336215171181 3.195699968684113
53.467365741323420 79.823303539132823 25.479483690872570 15.745691740172221 8.764225316277996 3.026763240798204 0.977985181315316 0.207984436734585 0.016954621902193 -0.013090253419842 0.142235868532475 -0.989746231600917 0.208263367861593 -0.967735207471037 -0.141827140660512 0.642793120415207 3.047175988527065
56.599108980015750 79.311063227444023 23.996475129542862 12.880021145218608 3.775119765680496 7.974638665377566 0.985289457206143 0.160103251068230 0.059763153496183 0.160934095270183 -0.986921085828171 -0.009326699700980 -0.057488281397105 -0.018807427924305 0.998169012821416 0.627055649204286 3.314240135524784
53.328707642986231 81.037432838319191 20.986187619056345 13.854565257009796 10.075524068815325 2.968988116786806 0.944773001639312 0.327685235626199 0.005134367151478 0.067188601434406 -0.209002663003041 0.975604212114178 -0.320764192532041 0.921379548942910 0.219476785968421 0.641125393996470 3.078024493040115
59.202132809268669 81.611602886735326 22.800069535702423 25.100523021220763 4.507965966419327 3.264305198286332 0.978884670243664 0.203207064750587 -0.022174110972109 0.101348435120384 -0.388263387408590 0.915958534376233 -0.177519849765039 0.898865079326958 0.400659795969024 0.616980392003063 3.683343404183932
54.365870956216284 79.424470446424124 21.907381912788125 13.581224809040442 9.876741341865264 2.910412150900934 0.944773001639312 0.327685235626199 0.005134367151478 0.067188601434406 -0.209002663003041 0.975604212114178 -0.320764192532041 0.921379548942910 0.219476785968421 0.628476458490475 3.017297319131677
60.471757946585370 79.571003586511779 22.936938971710301 20.153127182045548 2.437547804815876 7.497638214223000 0.990584695521916 -0.135010635865994 0.022673535251758 -0.056250307708294 -0.552386168546383 -0.831688297189139 -0.124811313110931 -0.822582305305497 0.554779674391391 0.616396266201487 3.562339769432437
59.691867989521761 78.923940454617636 22.839541185879387 22.318435214572531 2.774026779778024 5.951757591523685 0.999847440075750 -0.015999807453140 0.007007334402792 -0.007301319929218 -0.018390441269209 0.999804222034102 0.015867807071594 0.999702854768049 0.018504455337903 0.616490684742062 3.600365281435196
55.935035057229612 78.667771216471039 23.410497700947783 15.493981487071579 8.449295396784313 2.991993719557018 0.978182813747094 0.201244414832877 -0.051566155454829 0.046825944308204 0.028247527279028 0.998503584441371 -0.202399885942319 0.979133679688935 -0.018207785953896 0.629170055436116 3.407805626042684
54.213223704045731 79.764232819540652 22.533014162894364 13.586050523909321 9.880250770375556 2.911446285847424 0.944773001639312 0.327685235626199 0.005134367151478 0.067188601434406 -0.209002663003041 0.975604212114178 -0.320764192532041 0.921379548942910 0.219476785968421 0.628699770322295 3.018369432784274
71.283617486491039 81.410503775456974 21.946227301372122 35.093032364061067 1.734974532267177 9.913495130344852 0.993979140184245 0.102415582965097 0.038942486367815 0.097970664590463 -0.671582274013370 -0.734424263018818 0.049063405490152 -0.733817618756152 0.677572494014300 0.726719660411947 2.527948123095163
63.735941671023156 81.156282897334663 21.222112610296975 17.007144688419007 9.760809561325168 2.319838695160401 0.966415655124896 -0.256968236560727 0.002847266827655 -0.176717517508163 -0.656480075214236 0.733351777697759 0.186578939152494 0.709225800606254 0.679843410808069 0.625621485019599 2.621486403418615
54.080596799033415 80.906659161781434 19.023610034854268 16.444015980811013 8.116195783369546 3.021902359488237 0.957815711203714 0.276550211361094 -0.078160373383568 0.162315973733094 -0.296150444670657 0.941248340658537 -0.237155198219229 0.914229125940268 0.328546065628690 0.635331303842379 2.887646388028215
51.220547082811407 78.977165137726615 23.674304297872123 14.377406829376048 11.034882454388473 2.856575564723989 0.530084864281656 -0.844608358531593 0.075144909062866 -0.234427097355044 -0.060807360850153 0.970230076266515 0.814895068512006 0.531920281212333 0.230232147515949 0.660517973948623 3.051799958599846
68.297753980949366 79.322030090787820 24.597794227990612 30.371777094756979 1.664557431086394 8.583243361558020 0.988936662751459 0.102643099953193 0.107091881569077 0.147804747092053 -0.743017461468711 -0.652747124612317 -0.012571149631622 -0.661354251505645 0.749968346140254 0.651018676831250 2.184915261007656
56.560811944856589 79.340666879188419 21.184530834974982 17.690010638487060 5.534514264387908 3.741185116723287 0.923981186543460 -0.361784087750326 -0.123980001469613 -0.070652633216236 -0.480083246853931 0.874373079131442 0.375854988437499 0.799144761567547 0.469148886523026 0.615260325766319 3.208044520461960
58.598222524077457 80.234326918994199 22.454655952874646 22.093478272631955 3.190398965918716 5.220293846600748 0.986220964852247 0.155793761377865 -0.055646315256616 0.161159017901672 -0.828790415863641 0.535849062256846 -0.037362808176985 0.537433484710722 0.842478053172200 0.616199474078656 3.681365836497716
62.892607488644394 78.857338314708898 23.522855366113312 24.321593707286393 6.067727550083398 2.570651424771729 0.982400039911047 -0.186488005397097 -0.010601199261721 -0.142994971983968 -0.787371987740179 0.599664732087342 0.120177367129084 0.587594738544425 0.800181119287896 0.622501507602164 3.082555715477095
52.811042630992105 78.969033002169283 25.040451035997570 14.204376046302958 10.902078648051083 2.822196937706094 0.530084864281656 -0.844608358531593 0.075144909062866 -0.234427097355044 -0.060807360850153 0.970230076266515 0.814895068512006 0.531920281212333 0.230232147515949 0.652568700228924 3.015071823764012
56.738532000324902 77.243968194467314 22.220640197065009 13.892047225052179 3.913664588089815 7.217417520213647 0.957122083628595 0.218437841207509 -0.190268827081737 0.176089368331742 -0.960245251763522 -0.216613921127285 0.230021415070390 -0.173821649958263 0.957536517640347 0.629550448656936 3.630796207328458
57.610129979797570 80.927652025348436 22.282747263117543 18.515859886711549 4.454307683064640 4.499232720816212 0.965500630975874 0.222916689049577 0.134598221861822 0.033576471749383 0.406001275265314 -0.913255487269473 0.258226939202812 -0.886268082594716 -0.384509731533331 0.617932203019576 3.664210824962355
50.238945748926142 94.258359969793034 63.399769774466073 101.587255008693802 13.001580976894797 44.134053303631241 0.829799335926285 0.517277573195177 -0.209420568153189 0.464548706676334 -0.848214062121695 -0.254415809147856 0.309237063143540 -0.113828015393052 0.944148093092412 3.334185143070681 0.340896867321649
86.728940546246477 94.020968935476731 75.076486188635201 44.321007094229309 18.857853356280710 20.063582735916178 0.071234274201838 0.900972821090394 0.427987913188391 0.482285077239462 -0.406698773094353 0.775884793146299 -0.873113270115089 -0.151142593665599 0.463496638530391 2.201017170532088 0.102985503495352
69.957506022475130 96.796556660422709 99.440078964767935 20.240058475956694 38.571216508961761 35.335031961652099 -0.484279123358898 0.708345491478575 0.513537141189138 0.514005673052723 0.705328045748769 -0.488170580791019 0.708005578190140 -0.027550182979415 0.705669248776965 2.598245433341817 0.130604289400900
45.182168266975964 7.086977818420836 29.279403144051884 120.761351701667934 13.247109878128873 13.518476129164133 0.869141309668468 0.395401595518803 0.297070634847950 0.095268352558382 0.455567712146935 -0.885088696487544 0.485301272230550 -0.797568578813379 -0.358283459374023 2.395772584803264 0.544810990172570
15.235470568773046 41.748637479601179 13.128932847325602 254.548085951433109 41.469871570323832 5.522130677141682 0.155004280478450 -0.712606232454155 0.684226592950648 0.869600155091736 0.427076891727665 0.247792047525063 0.468795523973710 -0.556594723312870 -0.685881236572691 3.334185143070681 1.317985510429121
60.411780402088198 38.280805915785407 89.538588428821001 58.510457114827986 15.645635073724952 8.704225725506470 0.770922633111884 -0.627546249682461 0.108921982470560 -0.626320156466990 -0.777996890696300 -0.049435813638036 -0.115764223139123 0.030108845483792 0.992820276819842 1.717534966849702 0.131258573990148
96.779467179850187 54.688490166942216 27.482356986759658 199.147979149636967 29.172866393646753 10.033540291937017 -0.353517473562283 0.860797424855841 -0.366132748122444 0.928518707480319 0.370394442996522 -0.025709267908182 -0.113483063693307 0.349049781490905 0.930207420039172 3.334185143070681 0.336623645594594
59.223041876183679 89.676115822440977 40.673334583574828 211.735594620762413 22.837032533543066 5.880719450062803 0.243879215498517 0.962222473673970 -0.121040651867769 0.307018831942990 -0.194992849260432 -0.931513406006409 0.919925195371988 -0.190014999129134 0.342975123042132 2.624669623014686 2.238201892429333
55.207827669197087 27.165276760614589 45.544414945002700 46.497893652885296 11.756887904947671 27.601355153312465 -0.735883940953841 0.534279238416571 0.415957354596902 0.478690133367196 0.844977763645003 -0.238470826648430 0.478884726905275 -0.023627829830490 0.877559766622400 2.124900820699364 0.117645420373103
40.171353537959867 24.841346508297100 50.586638382530836 14.235598420688643 34.590019579554948 24.916255361648027 -0.556276412276654 -0.664323068710236 0.499230821889062 -0.742842252908533 0.128246443847143 -0.657067908921397 -0.372480792039522 0.736361127450367 0.564827716690350 1.983306094787380 0.103228974314494
31.038082597981141 37.303486388074745 52.497044225426428 13.910662814525937 46.799038578379673 42.573533826751230 -0.145019444189097 -0.949772242407495 -0.277312185738967 -0.169765704759075 0.300003699265578 -0.938710491000619 -0.974755849582212 0.089053175009130 0.204745123815083 2.602324567918230 0.151981868748083
75.059502292898756 33.350746579127531 92.415876662076357 146.418671543748587 26.744940714798926 4.086728007297553 0.609918659404123 -0.762867297737350 0.214552359468711 -0.652580934309395 -0.637101890475996 -0.410169849364612 -0.449596878421719 -0.110157465452079 0.886412984854475 2.166995063594439 0.752116560820599
86.231854683590242 4.869029597552855 25.364252425682277 61.206556310925791 44.383874651561278 10.809823761190476 0.695724321159674 0.694311443031074 -0.184117595636643 -0.403212865633291 0.165360155894237 -0.900041890042026 0.594463669146147 -0.700419616314921 -0.395000388792921 2.652979539421776 0.139776066618915
44.613551265920194 10.462788874247408 34.847598903349706 94.525487985474825 25.031182238547842 9.140007506690933 0.697930966993022 0.693307311489737 -0.179491886020116 0.295297794684602 -0.506925944541519 -0.809830413855333 0.652450440850948 -0.512202165736891 0.558531434789343 2.395772584803264 0.232039652322577
74.009752561768252 68.051448114282593 62.238442856600486 28.579698771835716 21.313250493475000 48.752939611756794 0.991076826483365 0.132140789526081 0.017479580975679 0.120166255359887 -0.829020597528781 -0.546154666688664 0.057678376194584 -0.543381689621988 0.837501966745815 2.662907154463034 0.123227592168041
71.052840272234562 20.492368695970175 34.169811486473215 73.800540159164640 30.820036702097511 12.526249279087752 0.896527931854344 -0.351241852770382 -0.269938563875934 -0.212440387183760 0.193819346858709 -0.957759438834448 -0.388724515946945 -0.916003941937857 -0.099146502994917 2.626381984910807 0.157821285430332
67.624248227746293 87.923476303132702 54.367805382809522 22.922015479659713 11.701509192939284 62.189395766325369 0.961271050294841 0.274869571764086 0.020116818418470 0.266380253985473 -0.945345276303786 0.188052835279753 -0.070707341568529 0.175411023280599 0.981952872983202 2.197136213911517 0.140969633067812
28.269965094553662 3.023525800598259 71.033682897421329 14.272823781437815 51.473304691332409 37.605472838490961 -0.297374987163140 -0.828056441494836 0.475279545855522 -0.939728384311286 0.165862961427364 -0.298998397564677 -0.168756276118615 0.535548324360607 0.827471637909798 2.599566788079500 0.105725078661258
0.788410350844038 37.267906982099554 53.053721456278183 9.367194128044325 24.345527248860840 39.311821137719150 0.704201879827919 -0.706541429342130 0.069992292932895 -0.396540344241624 -0.309613765753652 0.864230913265996 0.588944367351925 0.636347801661185 0.498202777476620 1.786366638841371 0.086773198526905
92.211146176719311 8.949454503290010 40.594232196828372 125.823025652957597 17.647618949722368 7.364228886591373 0.071941239050629 0.996248525629337 0.048097123669010 0.127535932470255 0.038638005347875 -0.991081071593883 0.989221433276090 -0.077433711806353 0.124277818709083 2.182618424121987 0.188948485671255
2.431319971015777 34.261098434159031 62.223105883979493 10.051975721167389 24.606798381331870 37.814101499312770 0.731675947688511 0.680556786999832 0.038636346133986 0.404215332664263 -0.387541815319294 -0.828505465412356 0.548871817834764 -0.621814925076177 0.558646513046730 1.811785386906573 0.077255241607297
27.906794822859837 20.974994965563511 11.570323332709364 20.862926323235584 6.444122786303261 3.608707691080946 0.263402430741468 0.963978303738551 0.036945762961827 0.948679235485418 -0.251894072903034 -0.191199069545654 0.175005336028044 -0.085411977834884 0.980855711307247 0.675694248432472 2.398378053576181
57.714024402034184 69.527000590468603 67.195714059582230 64.452222528134286 18.505913944781849 24.897727373291364 0.865916609420137 0.489516470757745 0.102771836546861 0.433393711932875 -0.631697080886865 -0.642750875888985 0.249716471197591 -0.601109326874816 0.759150354776133 2.662907154463034 0.218082008870838
94.886102072050733 0.270321389350270 64.719665389403602 842.540125690815557 4.560570241546806 15.170484936315541 -0.202450279218807 0.869885280169918 0.449792712021804 0.773405936842415 0.423768723227648 -0.471448115990420 0.600713859754487 -0.252427551106673 0.758566536396876 3.334185143070681 19.468973969075154
60.039223709763959 58.873960997028817 96.277031984024248 31.209446244051829 21.869808161653410 85.403991641439717 0.895292331615111 0.445459650257057 0.004164245914772 0.077479703890746 -0.146501089071549 -0.986171550180724 0.438689567275290 -0.883234471074194 0.165675383416212 3.334185143070681 0.181714645732666
1.687167337003970 69.648243070145014 81.367864970186346 92.315712917097642 13.657424199057051 46.234352423563294 -0.662288140708043 -0.742386382636310 0.101177455757982 -0.745830994828142 0.666112406235317 0.005512659345558 0.071488081741971 0.071810313573829 0.994853121336653 3.334185143070681 0.226098091649027
50.980719662158414 33.396486959680914 79.084016322740496 61.291487173306386 14.355574254148614 30.655884562176610 -0.473854825091088 -0.879649560914834 0.040966507298455 -0.196641204339463 0.060352320567613 -0.978616285455147 -0.858366962023714 0.471777752108388 0.201573587361380 2.578882195031428 0.136794025177129
9.724292563242464 44.203563772992524 51.995237457083817 100.402971656797604 16.343511835821737 6.174029916873629 0.603973607463961 0.609560255828233 0.513470715816967 0.777117711272630 -0.593420785374251 -0.209618306243029 -0.176929207067002 -0.525631112093288 0.832110563378578 1.860687911739825 0.277574475288391
69.395641093454756 9.088573203240946 22.775950153786095 14.307868410060468 53.625413760403958 37.133693533283555 -0.331380006772352 -0.926981578521028 0.175762465259849 -0.857380717212446 0.218106982147879 -0.466184137536463 -0.393809086822318 0.305179451177514 0.867052423856346 2.626381984910807 0.140369259645167
41.030156269012565 62.329467302013065 88.696078121741749 64.300835404976965 33.918099358110524 12.618411047130344 0.312573441216289 -0.818085885004251 -0.482735257261182 -0.749083669238338 -0.524787628957428 0.404316214087029 0.584098878895205 -0.235230587403195 0.776849451582038 2.596196587238824 0.155220624904634
61.882616824137649 13.346147093493443 98.058013278728239 151.866266594079150 27.589696035663057 13.912365330972014 0.955910910729541 0.241976492526656 -0.166378207144798 -0.143826941715725 0.879755006062536 0.453150019468838 -0.256023712934801 0.409241379105784 -0.875770147951318 3.334185143070681 0.381697543442776
87.178573475549285 50.272076114532403 92.234798179663301 282.388121159322111 32.574252307648322 6.337067396640504 -0.617909701278794 0.755572918618096 0.217479115586953 0.692547156858249 0.653990725756190 -0.304424976229691 0.372244592429638 0.037492602948102 0.927377090579161 3.334185143070681 0.892209156799707
54.138079375713573 92.330606788916313 82.989736860334318 91.198768578993565 14.298237762551155 44.703107825525194 0.810740643814416 0.581346583047796 -0.068816850015375 0.492626972059196 -0.741026155918109 -0.456288179383401 0.316256659798927 -0.336030335868481 0.887167029656165 3.334185143070681 0.215346237010497
96.828641029429733 91.978281077815836 3.603381742856948 154.358097464398071 5.996287608511728 62.979228095356746 0.906192756443322 0.422544368326791 -0.016460405978210 0.422713892830315 -0.904142634440405 0.061960159743217 -0.011298361735027 0.063105890235990 0.997942880950422 3.334185143070681 0.973857077397274
17.477200416093996 38.913467710118574 95.214269729542082 19.020693050582473 61.423626802406460 49.893895441309603 -0.439797524999990 -0.895805253961596 0.064117735289721 -0.030137493283582 0.086073332593206 0.995832873987840 0.897591147740699 -0.436032485476826 0.064852163467658 3.334185143070681 0.130048113640181
30.002891947592957 16.046764388760103 88.630466608655993 66.681861843376240 36.772526395680899 23.772673191343912 0.835691942378536 0.391030732063984 0.385634469446256 0.027558922349540 0.671434245735942 -0.740551523833378 0.548506593618092 -0.629500611782476 -0.550335803417301 3.334185143070681 0.146003446168086
44.639441548320292 90.787559435432613 16.023046632014328 153.995433115004289 7.909498173922912 2.718912383874011 0.710506118555437 0.597892886469060 -0.371086447886452 -0.603898319141409 0.247368135888758 -0.757704312700609 0.361231055743370 -0.762452032364409 -0.536823083249886 1.281751904914363 2.050229363497904
66.111751150809951 44.026375282949182 7.648676903028539 156.750844095083551 29.494448134236851 12.608372848849951 0.100762769361293 -0.949971763345549 -0.295635777869982 -0.993652639754269 -0.081152538462346 -0.077901842150803 -0.050012956521425 -0.301608876439776 0.952119104856489 3.334185143070681 0.221434864726930
69.646314465250057 24.739875553915368 3.961552257951773 102.957406398687311 29.323454729139161 19.307963845167869 0.992420323460895 0.113118604166186 0.048021692736364 0.004902244924144 0.354018111361853 -0.935225718648974 0.122791976840817 -0.928372424310029 -0.350780233485646 3.334185143070681 0.177534379695085
5.994429824957326 6.107853706678734 90.773295748503941 88.474874879415935 33.217176697297511 19.834740913195105 0.713352939954140 -0.700792579978347 -0.004164481489497 -0.289503295541986 -0.300093358488695 0.908917938023728 0.638212680012795 0.647173652150848 0.416954240933724 3.334185143070681 0.153181081012653
73.988391782910099 89.806235721373511 67.258231129652131 10.684662426793391 32.283858204397831 47.441590214333075 0.422166698203978 -0.903079013221475 -0.078889636876327 -0.878322307995962 -0.429019734190720 0.210931246977706 0.224332793421286 0.019757620146447 0.974312287843047 2.183174591548811 0.119811548038890
52.893992903088318 30.444636434737827 99.796225132867349 51.876956145040225 10.004740960305233 32.372841650133168 0.992207514993612 0.086142043412716 0.090021083901961 0.074832952935846 0.165671732314476 -0.983337635945468 0.099620662239837 -0.982411535696015 -0.157934474343932 2.202454926244515 0.123345369985190
36.218905893938938 47.064894921390952 37.824517492346175 140.912745301697328 14.132661098693241 29.270826473595374 -0.233459127252173 0.918130602462805 -0.320207796163587 0.940722962771362 0.296590154279899 0.164543573860837 -0.246042970266018 0.262812627560993 0.932948219129638 3.334185143070681 0.810925947298695
97.952692933545862 17.465838539500577 32.798800090807966 69.236061593931325 20.100777186483043 18.029218519237663 0.116270175303753 0.859823590751251 0.497176667918418 -0.094323755913797 0.507868263958489 -0.856255134603060 0.988728615649991 -0.052661363934264 -0.140151722584612 2.517448989285179 0.106889702318632
68.034866601500156 6.320761833863065 60.724937401154101 169.033253241735082 11.389008725336527 30.279669467090599 -0.580161312180267 0.684678606452470 -0.441166700596922 0.020276877770750 0.553613152251751 0.832527072161470 -0.814249163387437 -0.474054515346266 0.335068077265914 3.334185143070681 0.546980789035625
47.764650287641608 28.399997676210109 23.841328092405799 25.888349018645016 50.464561080078404 44.618847727909255 -0.268407863186654 -0.767512050321741 0.582136128058113 0.906215198626810 -0.406126921768736 -0.117622009812888 -0.326697463653065 -0.495969934598428 -0.804538744385306 3.334185143070681 0.182346340060852
51.451274329875673 36.792758053704134 45.651989126265534 10.030448720421951 53.582746770691855 29.050501335031658 0.961122388607256 0.262371712028111 0.086051373291318 0.271769184006353 -0.843737543566767 -0.462869817767846 0.048839172212526 -0.468260656369245 0.882239589314739 2.149246849560852 0.120659510511031
33.747738176423994 97.049369359597762 13.343943174560401 134.102490628877916 2.190666642647289 85.275655397934599 0.998351374171206 -0.041814564752868 0.039320171222830 0.011083104369290 -0.531715838341726 -0.846850300852574 -0.056317834546473 -0.845889951134947 0.530375802691744 2.516127890266594 1.447442521276400
9.680395317837419 34.339172879091606 59.102690087049126 16.653485961759898 11.811482104283991 45.151169214708680 0.891026054620078 -0.452350417130214 -0.038100788840892 -0.274795718189752 -0.470664678477172 -0.838428335457813 -0.361330711748608 -0.757531425457784 0.543678449261273 1.780790489496046 0.087949208880882
65.917647185002821 39.725674716804207 99.927799392217111 65.625567509851663 17.361873932758801 9.163988625555127 0.777405048335978 -0.622194122983855 0.092281439878702 -0.621598084555062 -0.782384876947285 -0.038596963632652 -0.096214406921274 0.027356491890120 0.994984628148723 1.879481465874725 0.145309727917834
35.189299619304258 72.140666795995244 63.758269453079286 75.739823850909090 9.230672218698365 2.592959844579743 0.042280463155429 0.909772687121636 0.412947963069004 0.132880675857474 0.404525193572513 -0.904821581168786 0.990229815961438 -0.093129079951420 0.103787696999108 1.048506467906548 1.961448163047216
81.305386324746067 97.622566345381998 88.979365644554022 44.348170747379818 19.989615266605842 18.873558532387872 0.425512898912580 0.903886889068031 -0.043900622204346 0.591130066771634 -0.240893391503678 0.769763352003990 -0.685203631789540 0.353495213122854 0.636817962436403 2.199368275314751 0.101973729333933
76.456197435770861 69.824847781829064 33.549816967589962 125.772195573715166 35.126587535851947 2.839589728004966 0.807474699974358 -0.583916149448473 -0.083824455349195 -0.386946663663568 -0.631545483135703 0.671879886743549 0.445260472511264 0.510090416636266 0.735901405403527 1.998076184450729 3.792528481814138
14.768557820670736 6.263600305980976 24.190170420148483 72.723428729841174 11.087254423974590 2.686620386861706 0.541371670136783 0.828269174324216 -0.144522972698430 0.195931372123573 0.042878008557712 0.979679730217942 -0.817635378509935 0.558687436091421 0.139070976707975 1.112640503247214 3.776210954378103
43.228148118129859 52.199627362998250 77.308355405487163 86.617649764829366 7.864474709465389 40.399563998350587 0.541488603458543 -0.801391594772011 0.254089756096717 -0.411437085558226 0.010958273902643 0.911372284448253 0.733150473608161 0.598039654255341 0.323788441711996 2.596196587238824 0.230142564053384
95.874092305659303 11.732048038481102 10.700414019379156 60.226266225875541 46.194736469210525 20.952255062499354 0.925836896424105 -0.369769444049589 -0.078080724042747 -0.205944684865718 -0.666871286547593 0.716149058474504 0.316879832105708 0.646956911568008 0.693566093879338 3.334185143070681 0.141511652940690
58.969472301355076 74.539807394729294 84.815038034698489 67.770300975315465 20.049496551168005 42.900891744948588 -0.697322958678991 -0.715920922137736 0.034611046569438 -0.681020946550357 0.646725694893809 -0.343447733903975 -0.223497565219028 0.263064837653331 0.938533819066523 3.334185143070681 0.196552247663517
93.583208021678857 98.342624226064203 39.980169222452588 8.699204595732835 50.140074940425293 133.642527932264358 0.372856231560911 -0.918942016801000 0.128544935115726 -0.918310485780127 -0.345594816185596 0.193054590030673 0.132981511092568 0.190025768735071 0.972731270662243 3.334185143070681 0.326807900151362
38.033518352757312 14.780867669727238 68.493443868355939 54.987606847511934 27.938594880390326 17.983475605149518 0.311087320566698 -0.940604172222525 0.135972314020947 -0.020857613417831 0.136279798846661 0.990450794531877 0.950152429321288 0.310952741785455 -0.022776159267161 2.599566788079500 0.119199043179904
65.676195844083708 86.206259585120719 9.725799478764063 42.523705719670261 27.736099311360910 0.996596778812210 0.958038591774597 0.277026200338750 -0.073610739681256 0.179606313539918 -0.380027557292159 0.907370171338663 -0.223391201275134 0.882516594758665 0.413836720420534 0.907511141658926 1.938581911926628
