0.002381510256097 1
0.002381510256097 1
0.002381510256097 1
0.005012263854746 1
0.006672863021805 2
0.002381510256097 1
0.003971968961678 2
0.008431350126018 3
0.002381510256097 1
0.002381510256097 1
0.002381510256097 1
0.002381510256097 1
0.002381510256097 1
0.002381510256097 1
0.002381510256097 1
0.002381510256097 1
0.002381510256097 1
0.004721590307591 1
0.008999334839058 2
0.004721590307591 1
0.021814811708010 3
0.005023358206291 1
0.005023358206291 1
0.005622946278573 1
0.009408334887559 2
0.003750532062327 2
0.002381510256097 1
0.004985406761148 1
0.002381510256097 1
0.002381510256097 1
0.002381510256097 1
0.012903096966839 2
0.006091791272071 2
0.003862408967390 2
0.005687481355105 2
0.002381510256097 1
0.002381510256097 1
0.002381510256097 1
0.011763081687171 2
0.009605095375508 2
0.009319287674046 2
0.002381510256097 1
0.002381510256097 1
0.005449444017360 1
0.017297847349356 3
0.005157001468194 1
0.002381510256097 1
0.005012263854746 1
0.002381510256097 1
0.007918739052372 1
0.004624865507308 1
0.020379903570764 4
0.007181800264149 2
0.002381510256097 1
0.007763190113240 2
0.005877122927646 2
0.005414441441855 1
0.006792020867113 3
0.002381510256097 1
0.004897427361913 1
0.002381510256097 1
0.002381510256097 1
0.002381510256097 1
0.002381510256097 1
0.002381510256097 1
0.002381510256097 1
0.002381510256097 1
0.002381510256097 1
0.002381510256097 1
0.002381510256097 1
0.002381510256097 1
0.002381510256097 1
0.002381510256097 1
0.002381510256097 1
0.002381510256097 1
0.002381510256097 1
0.002381510256097 1
0.002381510256097 1
0.002381510256097 1
0.002381510256097 1
0.002381510256097 1
0.002381510256097 1
0.002381510256097 1
0.002381510256097 1
0.002381510256097 1
0.002381510256097 1
0.002381510256097 1
0.002381510256097 1
0.002381510256097 1
0.002381510256097 1
