0.000550825228256 1
0.001357284887930 2
0.001598849294526 1
0.000931886146058 1
0.003146166150497 2
0.002796664798021 3
0.000550825228256 1
0.005891693188988 5
0.000550825228256 1
0.000890717036152 1
0.002503847783859 3
0.000869577426894 1
0.000550825228256 1
0.001130278007278 2
0.000550825228256 1
0.003131834777335 3
0.002733552341590 3
0.002850860031823 3
0.002510537768768 2
0.003280215756253 3
0.007995278414704 4
0.001758630628973 1
0.002392450658919 2
0.002391532398630 2
0.002487078465149 2
0.004071826493484 2
0.002481522203282 3
0.002300279676186 3
0.000949417160182 2
0.002961840029796 3
0.003826443868631 4
0.006623404835941 5
0.002316072521435 2
0.000550825228256 1
0.002126985238175 2
0.000550825228256 1
0.001000767952012 2
0.001164271040169 2
0.006182170169402 5
0.006076568566079 5
0.004048215034527 3
0.001602542627445 2
0.001873613942957 2
0.003937074638895 3
0.010038018987152 6
0.004675841490428 4
0.003197585131154 4
0.001664910798442 1
0.001168204906182 2
0.002566082268203 2
0.001233930567288 2
0.009535773355852 5
0.003877884063018 4
0.000550825228256 1
0.001038403608246 1
0.003651612653851 4
0.001031414892178 1
0.007478955315635 6
0.001310435653908 1
0.002105440446085 1
0.000550825228256 1
0.000550825228256 1
0.000550825228256 1
0.000550825228256 1
0.000550825228256 1
0.000550825228256 1
0.000550825228256 1
0.000550825228256 1
0.000550825228256 1
0.000550825228256 1
0.000550825228256 1
0.000550825228256 1
0.000550825228256 1
0.000550825228256 1
0.000550825228256 1
0.000550825228256 1
0.000550825228256 1
0.000550825228256 1
0.000550825228256 1
0.000550825228256 1
0.000550825228256 1
0.000550825228256 1
0.000550825228256 1
0.000550825228256 1
0.000550825228256 1
0.000550825228256 1
0.000550825228256 1
0.000550825228256 1
0.000550825228256 1
0.000550825228256 1
