0.000024288792489 42
0.000023561014304 41
0.000025275677700 40
0.000024479365256 41
0.000025215364220 41
0.000024968077965 41
0.000024268193622 40
0.000025314040371 41
0.000022431433741 39
0.000023903576249 41
0.000025488654492 41
0.000023996703331 41
0.000024986430817 41
0.000025052188156 40
0.000022868956151 41
0.000024372447725 41
0.000024614877327 41
0.000025327794200 40
0.000025421316991 41
0.000025368359066 40
0.000025336782676 41
0.000024404571857 41
0.000024378401633 41
0.000025330694817 41
0.000024230734047 40
0.000025183958073 41
0.000025392469122 41
0.000025033392813 40
0.000023850554768 43
0.000024308881205 41
0.000011936113179 36
0.000012468851597 44
0.000011054540461 34
0.000009458716933 31
0.000006797243849 23
0.000009455198966 35
0.000005790605175 31
0.000009954975105 38
0.000013212050227 40
0.000013882602011 43
0.000012665897843 41
0.000012023045010 39
0.000011278661760 34
0.000013049656208 42
0.000010742743269 36
0.000012813780769 42
0.000010240078579 37
0.000013733413236 42
0.000004628158601 26
0.000011915292394 39
0.000010682337679 32
0.000009317405721 34
0.000011133490722 35
0.000011637123036 40
0.000011271027965 37
0.000010838758515 36
0.000011290798709 42
0.000011487841893 37
0.000009062887907 32
0.000010674829514 37
0.000024422936817 39
0.000024024928222 40
0.000024526694888 40
0.000024029231879 40
0.000024476019466 40
0.000024041371432 41
0.000019417412952 38
0.000023838560546 41
0.000024377630948 39
0.000024525860417 40
0.000023700923451 40
0.000024564375334 39
0.000023483057099 40
0.000024571249154 40
0.000023746251439 40
0.000024347592452 40
0.000024224318036 39
0.000024577336144 40
0.000023885245047 40
0.000024049903565 41
0.000024636193785 40
0.000023970713842 39
0.000021916609059 40
0.000024450955598 41
0.000024456383935 40
0.000023745887414 39
0.000024251697866 40
0.000024632153695 40
0.000024162481595 41
0.000024515637377 40
0.000016396557023 38
0.000021063389417 42
0.000017275687762 40
0.000016537887243 38
0.000018291800592 38
0.000019862991639 41
0.000020182659548 42
0.000019105653979 41
0.000020449692255 42
0.000021196177296 42
0.000018321734481 38
0.000021415412983 43
0.000019870016644 41
0.000020166131286 41
0.000020650254231 42
0.000021644787430 42
0.000021329337698 42
0.000021150946680 42
0.000021082941429 42
0.000017049198106 39
0.000020601486429 42
0.000016228571640 37
0.000020099984532 42
0.000018122324321 40
0.000020272391837 42
0.000021667095080 42
0.000020936590650 42
0.000019834772608 41
0.000016655759751 38
0.000021240627494 42
0.000000074958214 12
0.000000117020403 14
0.000000101486966 11
0.000000101687375 13
0.000000028466299 6
0.000000127974664 13
0.000000011830307 3
0.000000090536948 10
0.000000126550851 13
0.000000128469752 13
0.000000144057070 15
0.000000136871809 12
0.000000091397125 11
0.000000118691132 15
0.000000026116466 4
0.000000107799860 12
0.000000088833200 10
0.000000092740212 11
0.000000171012327 12
0.000000095978617 10
0.000000171612528 13
0.000003381290925 16
0.000000053561637 8
0.000000037282843 6
0.000000134940837 14
0.000000040792562 5
0.000000125559247 15
0.000000188034529 12
0.000000132254495 15
0.000000109273602 12
0.000000084036819 10
0.000000057532311 7
0.000000097975434 12
0.000000224661073 3
0.000000042629586 7
0.000000073106818 10
0.000000142059441 9
0.000000019929866 5
0.000000065164197 9
0.000000088383336 9
0.000000116634562 14
0.000000147565061 15
0.000000111331941 12
0.000000049725305 7
0.000000097241541 11
0.000000100337129 11
0.000000098667396 10
0.000000109342096 5
0.000000174200530 13
0.000000150761153 15
0.000005599067926 31
0.000000113190387 12
0.000000067643433 7
0.000000211423085 9
0.000000076445048 10
0.000000082853037 10
0.000000086368231 11
0.000000059455215 7
0.000000096748389 12
0.000000794902033 8
