0.002537684969296 1
0.002537684969296 1
0.003945639837810 2
0.004165599751989 2
0.005610396409349 3
0.002537684969296 1
0.002537684969296 1
0.004355394217457 2
0.002537684969296 1
0.002537684969296 1
0.002537684969296 1
0.002537684969296 1
0.002537684969296 1
0.002537684969296 1
0.002537684969296 1
0.004037537041215 2
0.003986452527585 2
0.004033557476001 2
0.004629880642248 2
0.004033557476001 2
0.009355284116918 5
0.005744426016530 3
0.004295658458241 2
0.004629880642248 2
0.004044620679918 2
0.003951286214456 2
0.002537684969296 1
0.004344030107778 2
0.002537684969296 1
0.004037537041215 2
0.002537684969296 1
0.006134524467045 3
0.003963314556770 2
0.002537684969296 1
0.002537684969296 1
0.002537684969296 1
0.002537684969296 1
0.002537684969296 1
0.004778434859208 2
0.004778434859208 2
0.004550450623752 2
0.002537684969296 1
0.002537684969296 1
0.004550450623752 2
0.006608629265099 3
0.004355394217457 2
0.002537684969296 1
0.004165599751989 2
0.002537684969296 1
0.005728489203401 3
0.003963314556770 2
0.006676453390956 3
0.004221553492779 2
0.002537684969296 1
0.004344030107778 2
0.002537684969296 1
0.004469767895506 2
0.002537684969296 1
0.002537684969296 1
0.004112032161078 2
0.002537684969296 1
0.002537684969296 1
0.002537684969296 1
0.002537684969296 1
0.002537684969296 1
0.002537684969296 1
0.002537684969296 1
0.002537684969296 1
0.002537684969296 1
0.002537684969296 1
0.002537684969296 1
0.002537684969296 1
0.002537684969296 1
0.002537684969296 1
0.002537684969296 1
0.002537684969296 1
0.002537684969296 1
0.002537684969296 1
0.002537684969296 1
0.002537684969296 1
0.002537684969296 1
0.002537684969296 1
0.002537684969296 1
0.002537684969296 1
0.002537684969296 1
0.002537684969296 1
0.002537684969296 1
0.002537684969296 1
0.002537684969296 1
0.002537684969296 1
