0.001819772476159 1
0.001819772476159 1
0.003528065917999 1
0.003827161941789 1
0.005982061215950 1
0.001819772476159 1
0.001819772476159 1
0.007624742099470 3
0.001819772476159 1
0.001819772476159 1
0.002882732194875 2
0.001819772476159 1
0.001819772476159 1
0.001819772476159 1
0.001819772476159 1
0.003652038191433 1
0.003582947347205 1
0.003646640119961 1
0.007818313148348 2
0.003646640119961 1
0.012880893906443 1
0.008535504281127 2
0.004007791749855 1
0.007818313148348 2
0.003661653358644 1
0.003535641842943 1
0.001819772476159 1
0.006540500900982 2
0.001819772476159 1
0.003652038191433 1
0.001819772476159 1
0.009660993144335 2
0.003551798705709 1
0.001819772476159 1
0.002957556371134 2
0.001819772476159 1
0.001819772476159 1
0.001819772476159 1
0.008574134438339 2
0.008574134438339 2
0.007440735157978 2
0.001819772476159 1
0.001819772476159 1
0.007440735157978 2
0.013170901719349 2
0.006587146982000 2
0.001819772476159 1
0.003827161941789 1
0.001819772476159 1
0.006171925560579 1
0.003551798705709 1
0.013227418695894 2
0.005037287282338 2
0.001819772476159 1
0.006540500900982 2
0.001819772476159 1
0.004253906978271 1
0.002882732194875 2
0.002957556371134 2
0.003753576618032 1
0.001819772476159 1
0.001819772476159 1
0.001819772476159 1
0.001819772476159 1
0.001819772476159 1
0.001819772476159 1
0.001819772476159 1
0.001819772476159 1
0.001819772476159 1
0.001819772476159 1
0.001819772476159 1
0.001819772476159 1
0.001819772476159 1
0.001819772476159 1
0.001819772476159 1
0.001819772476159 1
0.001819772476159 1
0.001819772476159 1
0.001819772476159 1
0.001819772476159 1
0.001819772476159 1
0.001819772476159 1
0.001819772476159 1
0.001819772476159 1
0.001819772476159 1
0.001819772476159 1
0.001819772476159 1
0.001819772476159 1
0.001819772476159 1
0.001819772476159 1
