0.000000000000000 1
0.000000000000000 1
0.000000000000000 3
0.000000000000000 3
0.000000000000000 3
0.000000000000000 2
0.000000000000000 1
0.000000000000000 3
0.000000000000000 3
0.000000000000000 2
0.000000000000000 3
0.000000000000000 4
0.000000000000000 3
0.000000000000000 2
0.000000000000000 0
0.000000000000000 3
0.000000000000000 4
0.000000000000000 3
0.000000000000000 3
0.000000000000000 2
0.000000000000000 1
0.000000000000000 2
0.000000000000000 1
0.000000000000000 3
0.000000000000000 2
0.000000000000000 2
0.000000000000000 3
0.000000000000000 6
0.000000000000000 3
0.000000000000000 2
0.000000000000000 5
0.000000000000000 4
0.000000000000000 21
0.000000000000000 5
0.000000000000000 3
0.000000286189174 2
0.000000000000000 63
0.000000000000000 64
0.000000000000000 18
0.000000000000000 1
0.000000000000000 3
0.000000000000000 6
0.000000000000000 34
0.000000000000000 5
0.000000000000000 3
0.000000000000000 1
0.000000000000000 2
0.000000000000000 2
0.000000000000000 3
0.000002092031900 2
0.000000000000000 2
0.000000000000000 5
0.000000000000000 5
0.000000000000000 2
0.000000000000000 0
0.000000000000000 2
0.000000000000000 55
0.000000000000000 66
0.000000000000000 17
0.000000000000000 1
0.000000000000000 3
0.000000000000000 62
0.001910130037982 64
0.000000000000000 63
0.000000000000000 1
0.000000000000000 1
0.000000000000000 59
0.000000000000000 61
0.000000000000000 35
0.000000000000000 3
0.000000000000000 2
0.000000000000000 3
0.000000000000000 1
0.000000000000000 3
0.000000000000000 3
0.000000000000256 3
0.000000000000000 4
0.000000000000000 3
0.000000000000000 1
0.000000000000000 0
0.000000000000000 3
0.000000000000000 6
0.000000000000000 22
0.000000000000000 1
0.000000000000000 0
0.000000000000000 2
0.000000000000000 61
0.000000000000000 62
0.000000000000000 18
0.000000000000000 1
0.000000000000000 3
0.000000000000000 5
0.000000000000000 39
0.000000000000000 2
0.000000000000001 2
0.000000000000000 3
0.000000000000000 5
0.000000000000000 4
0.000000000000000 2
0.000000000000000 2
0.000000000000000 2
0.000000000000000 4
0.000000000000000 2
0.000000000000000 1
0.000000000000000 0
0.000000000000000 2
0.000000000000000 3
0.000000000000000 2
0.000000000000000 1
0.000000000000000 0
0.000000000000000 1
0.000000000000000 1
0.000000000000000 0
0.000000000000000 0
0.000000000000000 0
0.000000000000000 2
0.000000000000000 4
0.000000000000000 4
0.000000000000000 3
0.000000000000000 2
0.000000000000000 3
0.000000000000000 3
0.000000000000000 3
0.000000000000000 2
0.000000000000000 2
