0.000014915853088 35
0.000014509711957 36
0.000015398714265 35
0.000015368051498 35
0.000015441378501 35
0.000015433605049 36
0.000014845086916 34
0.000015440388719 36
0.000014468899225 35
0.000015247552228 35
0.000015479831449 35
0.000014431411050 33
0.000015260875938 36
0.000015043818494 34
0.000014472223965 34
0.000015279186285 35
0.000014674367212 33
0.000015397609970 35
0.000015518572644 35
0.000015468219971 35
0.000015344343381 35
0.000014638096274 33
0.000014687830745 34
0.000015507546627 35
0.000015118859480 34
0.000015304542465 35
0.000015405945019 35
0.000015292643051 36
0.000014937793587 36
0.000015320427047 35
0.000006475351350 21
0.000007563104631 27
0.000008777146165 30
0.000008635714931 28
0.000003363491175 15
0.000003621362582 21
0.000003450368214 20
0.000007600431939 29
0.000007602045208 26
0.000008431581378 29
0.000008890546928 29
0.000006142903986 24
0.000006346921350 22
0.000009091429315 32
0.000005776038649 20
0.000008980018355 32
0.000008874374444 30
0.000009269313824 32
0.000001869098990 16
0.000007058672542 27
0.000008456868299 29
0.000005444092320 20
0.000006787044397 25
0.000006427786467 22
0.000007536528249 26
0.000007736436042 28
0.000006977979020 26
0.000009097872867 30
0.000003718096207 15
0.000005733421507 20
0.000015037567024 35
0.000014853067372 35
0.000015081478352 35
0.000014902348991 35
0.000015050635482 35
0.000015057172597 35
0.000014772296224 35
0.000015042236913 35
0.000014979260571 35
0.000015113174978 35
0.000015019024107 35
0.000015086316090 35
0.000014869822261 35
0.000015084462223 35
0.000015024146333 35
0.000015112075145 35
0.000015046370693 35
0.000015101647932 35
0.000014953334498 35
0.000014956106341 35
0.000015115980522 35
0.000015016981713 35
0.000014955025182 35
0.000015045210355 35
0.000015085110375 35
0.000014991499598 35
0.000014987501085 35
0.000015111020299 35
0.000014992423767 35
0.000015113443462 35
0.000012166476071 35
0.000013007533444 34
0.000012450434613 33
0.000006222997275 22
0.000012375415484 32
0.000012547463094 33
0.000012296668709 33
0.000012099592774 30
0.000013108673749 33
0.000012769588303 33
0.000011353083677 31
0.000012560154132 32
0.000011368499539 30
0.000013288093155 35
0.000011855804039 31
0.000013245757188 33
0.000013336312063 35
0.000012443087653 32
0.000011844282633 31
0.000005631761847 21
0.000012380924543 33
0.000011365573633 31
0.000010328416373 30
0.000008665483810 28
0.000012628451460 33
0.000013374667614 35
0.000012736208416 34
0.000011171485667 32
0.000012386149204 33
0.000013251045272 35
0.000000141680946 7
0.000000205625371 10
0.000000089124528 4
0.000000141828325 6
0.000000038653094 3
0.000000305732205 12
0.000000055023954 3
0.000000127032080 6
0.000000281530734 12
0.000000282641629 12
0.000000261650358 10
0.000000228251187 8
0.000000157276071 7
0.000000202332123 9
0.000000161556420 9
0.000000275140261 14
0.000000212079088 10
0.000000080026732 4
0.000000234497833 5
0.000000167227671 8
0.000000242506918 6
0.000006079704838 23
0.000000196159973 10
0.000000055874488 3
0.000000212185231 10
0.000000026947305 2
0.000000282757024 13
0.000000243818260 6
0.000000217732759 12
0.000000139417509 8
0.000000114395812 6
0.000000102653292 5
0.000000146329375 8
0.000000027004550 2
0.000000051047850 4
0.000000140169048 8
0.000000160632346 3
0.000000054311252 4
0.000000094420659 6
0.000000058849368 4
0.000000244982649 11
0.000000254777241 10
0.000000150274654 7
0.000000158827757 8
0.000000072652181 5
0.000000213107024 11
0.000000219586589 9
0.000000124450148 2
0.000000260163731 7
0.000000252543946 9
0.000001857220392 16
0.000000150394481 6
0.000000140553675 7
0.000000180761813 3
0.000000150727508 8
0.000000093155233 5
0.000000193646063 11
0.000000027004550 2
0.000000164316436 8
0.000000859382553 5
