0.000000000000000 0
0.000000000000000 1
0.000000000000000 1
0.000000000000000 3
0.000000000000000 1
0.000000000000000 0
0.000000000000000 1
0.000000000000000 0
0.000000000000000 2
0.000000000000000 1
0.000000000000000 2
0.000000000000000 2
0.000000000000000 2
0.000000000000000 0
0.000000000000000 0
0.000000000000000 0
0.000000000000000 1
0.000000000000000 3
0.000000000000000 0
0.000000000000000 0
0.000000000000000 0
0.000000000000000 0
0.000000000000000 1
0.000000000000000 0
0.000000000000000 1
0.000000000000000 1
0.000000000000000 1
0.000000000000000 0
0.000000000000000 1
0.000000000000000 0
0.000000000000000 0
0.000000000000000 1
0.000000000000000 2
0.000000000000000 0
0.000000000000000 0
0.000000000022542 2
0.000000000000000 2
0.000000000000000 2
0.000000000000000 2
0.000000000000000 1
0.000000000000000 1
0.000000000000000 0
0.000000000000000 1
0.000000000000000 1
0.000000000000000 1
0.000000000000000 1
0.000000000000000 1
0.000000000000000 1
0.000000000000000 2
0.000000002193355 2
0.000000000000000 1
0.000000000000000 2
0.000000000000000 1
0.000000000000000 1
0.000000000000000 0
0.000000000000000 0
0.000000000000000 2
0.000000000000000 10
0.000000000000000 1
0.000000000000000 0
0.000000000000000 0
0.000000000000000 61
0.000109145141941 61
0.000000000000000 0
0.000000000000000 1
0.000000000000000 0
0.000000000000000 0
0.000000000000000 22
0.000000000000000 0
0.000000000000000 0
0.000000000000000 0
0.000000000000000 1
0.000000000000000 0
0.000000000000000 0
0.000000000000000 0
0.000000000000000 2
0.000000000000000 3
0.000000000000000 2
0.000000000000000 0
0.000000000000000 0
0.000000000000000 1
0.000000000000000 2
0.000000000000000 1
0.000000000000000 0
0.000000000000000 0
0.000000000000000 0
0.000000000000000 2
0.000000000000000 11
0.000000000000000 0
0.000000000000000 0
0.000000000000000 2
0.000000000000000 3
0.000000000000000 0
0.000000000000000 1
0.000000000000000 1
0.000000000000000 1
0.000000000000000 3
0.000000000000000 2
0.000000000000000 1
0.000000000000000 1
0.000000000000000 1
0.000000000000000 1
0.000000000000000 1
0.000000000000000 0
0.000000000000000 0
0.000000000000000 1
0.000000000000000 1
0.000000000000000 1
0.000000000000000 0
0.000000000000000 0
0.000000000000000 0
0.000000000000000 0
0.000000000000000 0
0.000000000000000 0
0.000000000000000 0
0.000000000000000 0
0.000000000000000 1
0.000000000000000 0
0.000000000000000 0
0.000000000000000 1
0.000000000000000 0
0.000000000000000 2
0.000000000000000 2
0.000000000000000 1
0.000000000000000 1
