0.000066596808867 20
0.000053299362193 17
0.000103914189731 28
0.000087408709514 24
0.000102003073653 27
0.000104646278447 26
0.000087007252148 23
0.000116197750594 29
0.000031300108305 12
0.000074632495315 19
0.000122803797450 30
0.000049682260200 16
0.000098366632656 26
0.000111063796587 28
0.000017712140311 9
0.000090122851312 25
0.000056497398764 18
0.000117801557763 30
0.000111254824830 27
0.000124328318515 33
0.000113820530186 29
0.000047609008934 16
0.000042354436854 15
0.000110257540520 27
0.000062584112369 19
0.000113029767891 29
0.000123115414800 31
0.000102902572218 27
0.000059579304539 19
0.000085771889881 24
0.000026581273113 25
0.000012616601884 15
0.000023790602418 22
0.000010711300383 9
0.000003752372693 8
0.000007481815859 13
0.000000692436465 7
0.000010029937230 12
0.000025883547266 25
0.000026885338155 25
0.000017005735402 18
0.000016123350145 18
0.000019784818833 20
0.000015626037088 16
0.000015051401170 18
0.000020571096347 20
0.000011899581335 13
0.000022847982762 21
0.000000719128772 7
0.000016026316504 18
0.000021123093488 18
0.000011288618272 14
0.000016263482397 17
0.000008811068006 11
0.000014975993639 14
0.000018088751663 18
0.000010045347709 13
0.000019901152225 16
0.000009341880427 14
0.000010459740988 14
0.000000107201549 3
0.000000107123773 3
0.000000040338289 1
0.000000040338289 1
0.000000135693276 2
0.000000040338289 1
0.000000040338289 1
0.000000040338289 1
0.000000040338289 1
0.000000163063773 3
0.000000069021333 2
0.000000070062634 2
0.000000111485441 3
0.000000072021444 2
0.000000040338289 1
0.000000068400947 2
0.000000066594733 2
0.000000040338289 1
0.000000129435439 4
0.000000072241499 2
0.000000082560239 1
0.000000073625305 2
0.000000140649389 4
0.000000065438730 2
0.000000081858277 1
0.000000072733804 2
0.000000145913957 2
0.000000063593831 2
0.000000134544655 4
0.000000040338289 1
