0.000042069474620 11
0.000019559679425 6
0.000095589437179 22
0.000103468432882 24
0.000101928977517 23
0.000105523692798 23
0.000089138442682 21
0.000106651769890 24
0.000022251268105 7
0.000080177393748 20
0.000106969186061 23
0.000024325602351 9
0.000075524312140 18
0.000096607903181 23
0.000024475653333 10
0.000091245680640 23
0.000036974383565 12
0.000107430569045 23
0.000103603848800 21
0.000109572995966 23
0.000089270144574 22
0.000029332934785 10
0.000033124633820 11
0.000105914237052 22
0.000077590880222 19
0.000084958137591 22
0.000104088753267 25
0.000086778264854 20
0.000046423929556 13
0.000095062318121 22
0.000013175466032 13
0.000012678626742 12
0.000016604486749 14
0.000013727127061 10
0.000001783601880 4
0.000000633335356 3
0.000000627121276 3
0.000011571298056 10
0.000012601738043 11
0.000012723409272 11
0.000014161392699 10
0.000009629061247 12
0.000012815662766 13
0.000015329946877 11
0.000008706273599 10
0.000019557906414 15
0.000012972610401 9
0.000015631293824 11
0.000000624552946 4
0.000012122376587 12
0.000012087663443 10
0.000007074760818 9
0.000011938520813 12
0.000010857099136 11
0.000012392654085 10
0.000016399527354 14
0.000010398477632 11
0.000015828062251 11
0.000004014916332 6
0.000008667212880 10
0.000000094873318 3
0.000000040338289 1
0.000000040338289 1
0.000000040338289 1
0.000000156885584 2
0.000000040338289 1
0.000000040338289 1
0.000000064467298 2
0.000000040338289 1
0.000000040338289 1
0.000000066094044 2
0.000000072363819 2
0.000000100459065 3
0.000000072825675 2
0.000000040338289 1
0.000000072825675 2
0.000000072363819 2
0.000000040338289 1
0.000000040338289 1
0.000000073269702 2
0.000000156885584 2
0.000000040338289 1
0.000000112295363 3
0.000000067348915 2
0.000000179644876 3
0.000000073269702 2
0.000000155406553 2
0.000000091991701 3
0.000000128880234 4
0.000000040338289 1
