0.000000860300257 7
0.000000076908547 1
0.000000218171126 1
0.000000000000000 0
0.000000158026612 1
0.000003242910577 21
0.000000076140546 1
0.000000000000000 0
0.000000148423006 1
0.000000176025595 1
0.000000000000000 0
0.000000259765572 2
0.000000233243699 2
0.000000092864399 1
0.000000000000000 0
0.000000108340942 1
0.000000177512077 1
0.000000000000000 0
0.000000000000000 0
0.000000000000000 0
0.000000000000000 0
0.000000224392269 1
0.000000000000000 0
0.000001243385932 10
0.000000152403648 1
0.000000000000000 0
0.000000000000000 0
0.000000404563720 2
0.000000248470856 2
0.000000000000000 0
0.000000742184611 5
0.000000175032074 2
0.000000237443496 2
0.000000143752945 1
0.000000265474227 2
0.000000242857113 2
0.000000326264883 3
0.000000732721342 5
0.000000276211016 2
0.000000150743457 1
0.000000261843091 2
0.000000124651323 1
0.000000000000000 0
0.000002408390815 17
0.000000798141418 5
0.000000391311658 3
0.000000241936108 2
0.000000095382586 1
0.000001099714639 9
0.000001244568889 9
0.000000061887214 1
0.000000000000000 0
0.000000436178369 3
0.000000000000000 0
0.000000000000000 0
0.000000000000000 0
0.000000083312545 1
0.000000316769012 2
0.000000093356128 1
0.000000277435352 2
0.000000000000000 0
0.000000000000000 0
0.000000215984995 1
0.000000000000000 0
0.000000585953865 4
0.000000000000000 0
0.000000000000000 0
0.000000102829252 1
0.000000000000000 0
0.000000256520325 2
0.000000000000000 0
0.000000160500029 1
0.000000000000000 0
0.000000000000000 0
0.000000279808066 3
0.000000000000000 0
0.000000000000000 0
0.000000000000000 0
0.000000136407338 1
0.000000000000000 0
0.000000875437785 8
0.000002907865149 25
0.000002134160458 16
0.000000367716971 3
0.000000259871721 2
0.000000195114367 2
0.000004420095448 31
0.000000194332292 2
0.000000166699967 1
0.000000000000000 0
0.000000000000000 0
0.000003590579122 26
0.000000221255566 1
0.000000110581829 1
0.000000000000000 0
0.000000000000000 0
0.000000608798345 4
0.000000000000000 0
0.000000000000000 0
0.000000000000000 0
0.000000000000000 0
0.000000000000000 0
0.000000000000000 0
0.000000000000000 0
0.000000000000000 0
0.000000096435681 1
0.000000120712657 1
0.000000000000000 0
0.000000102097458 1
0.000000000000000 0
0.000000164223537 2
0.000000000000000 0
0.000000177803418 1
0.000000101500213 1
0.000000000000000 0
0.000000194831909 2
0.000000000000000 0
0.000000000000000 0
0.000000310813522 3
0.000000517446619 4
0.000000054882652 1
0.000000239236483 1
0.000000155070085 1
0.000000141845353 1
0.000000000000000 0
