0.000000000000000 0
0.000000000000000 0
0.000000000000000 0
0.000000000000000 0
0.000000187894454 1
0.000005162843859 30
0.000000604126977 7
0.000000000000000 0
0.000000185105478 2
0.000000000000000 0
0.000000000000000 0
0.000000293075153 2
0.000000000000000 0
0.000000049375089 1
0.000000000000000 0
0.000000000000000 0
0.000000388660548 2
0.000000182476694 1
0.000000000000000 0
0.000000000000000 0
0.000000172210501 1
0.000000278202573 2
0.000000331794672 2
0.000000290404985 2
0.000000000000000 0
0.000000000000000 0
0.000000000000000 0
0.000000431753258 3
0.000000052448150 1
0.000000000000000 0
0.000001591169333 14
0.000000000000000 0
0.000000274131227 3
0.000000180400599 2
0.000000140928465 1
0.000000000000000 0
0.000000302398862 3
0.000000590805512 4
0.000000293047072 2
0.000000136149785 1
0.000000150574569 1
0.000000125369946 1
0.000000081934536 1
0.000001251709370 15
0.000000215296354 2
0.000000153355397 1
0.000000119839357 1
0.000000000000000 0
0.000005021199407 30
0.000000067465031 1
0.000000056830710 1
0.000000048520029 1
0.000000498131263 3
0.000000000000000 0
0.000000000000000 0
0.000000064502281 1
0.000000192828074 2
0.000000253777776 2
0.000000083153954 1
0.000000161064243 1
0.000000079420120 1
0.000000000000000 0
0.000000170670437 1
0.000000134298681 1
0.000000142010691 1
0.000000110826444 1
0.000000000000000 0
0.000000000000000 0
0.000000000000000 0
0.000000404292378 3
0.000000000000000 0
0.000000143173554 1
0.000000000000000 0
0.000000000000000 0
0.000000175466790 1
0.000000000000000 0
0.000000000000000 0
0.000000000000000 0
0.000000134059122 1
0.000000079105031 1
0.000000000000000 0
0.000001812542766 15
0.000003338358666 23
0.000000383270567 3
0.000000000000000 0
0.000000258162589 4
0.000004020887888 33
0.000001101971749 13
0.000000255004338 2
0.000000000000000 0
0.000000174138444 2
0.000002356278654 19
0.000000322012645 3
0.000000304512649 3
0.000000000000000 0
0.000000085448470 1
0.000000000000000 0
0.000000000000000 0
0.000000000000000 0
0.000000000000000 0
0.000000000000000 0
0.000000000000000 0
0.000000000000000 0
0.000000000000000 0
0.000000000000000 0
0.000000170544566 1
0.000000000000000 0
0.000000000000000 0
0.000000000000000 0
0.000000000000000 0
0.000000144568949 1
0.000000598522915 8
0.000000259594233 2
0.000000302601914 2
0.000000075426252 1
0.000000131818297 1
0.000000250593225 4
0.000000314326333 3
0.000000427196653 3
0.000000326414808 2
0.000000137453988 1
0.000000195897174 1
0.000000203216394 1
0.000000209235660 1
0.000000000000000 0
