0.000683434639577 2
0.001334944225934 2
0.002136250088975 1
0.000950572141711 1
0.003469135614969 1
0.003206541111121 3
0.000431977905104 1
0.005720690040605 4
0.000431977905104 1
0.000888281132610 1
0.001048800874648 1
0.000856846812764 1
0.000431977905104 1
0.001026786324530 2
0.000431977905104 1
0.001878308725267 2
0.003203440034095 3
0.001679346259868 1
0.003084202962076 2
0.003241212177527 2
0.012191063853397 3
0.002464352041522 1
0.002927842640503 2
0.002909864254057 2
0.003030352642687 2
0.006327019286945 3
0.002687913057966 3
0.002581053351137 4
0.000762427029764 2
0.001854038330409 2
0.003179824495320 3
0.006077053258729 3
0.002734079463675 2
0.000431977905104 1
0.002415420166546 2
0.000431977905104 1
0.000796674355382 2
0.001053396568131 2
0.007931162490243 5
0.006776564535670 4
0.005160722583745 3
0.001808192501541 2
0.002029954622953 2
0.003833011391766 2
0.014660436332149 6
0.004369673301331 2
0.002898593585150 3
0.002270007303653 1
0.001113067418709 2
0.003579890047397 3
0.001190719025868 2
0.014815651828714 5
0.002568798836064 2
0.000431977905104 1
0.001380024673460 2
0.004000716958774 4
0.001106855419737 1
0.009610944864052 6
0.001585128047239 1
0.003228161411313 1
0.000431977905104 1
0.000431977905104 1
0.000431977905104 1
0.000431977905104 1
0.000431977905104 1
0.000431977905104 1
0.000431977905104 1
0.000431977905104 1
0.000431977905104 1
0.000431977905104 1
0.000431977905104 1
0.000431977905104 1
0.000431977905104 1
0.000431977905104 1
0.000431977905104 1
0.000431977905104 1
0.000431977905104 1
0.000431977905104 1
0.000431977905104 1
0.000431977905104 1
0.000431977905104 1
0.000431977905104 1
0.000431977905104 1
0.000431977905104 1
0.000431977905104 1
0.000431977905104 1
0.000431977905104 1
0.000431977905104 1
0.000431977905104 1
0.000431977905104 1
