0.000021796991796 42
0.000021196034421 40
0.000022682663720 41
0.000021893174378 42
0.000022599989464 41
0.000022364695180 41
0.000021805235194 40
0.000022666930800 41
0.000020582042062 40
0.000021474547376 42
0.000022822862704 41
0.000021620492525 41
0.000022417715240 41
0.000022554305746 41
0.000020448540023 41
0.000021845094816 41
0.000022121528325 41
0.000022747558594 41
0.000022780737769 41
0.000022778675215 41
0.000022742804332 41
0.000021925770041 41
0.000021848301587 41
0.000022698331309 41
0.000021733376649 41
0.000022646586061 41
0.000022744206989 41
0.000022413496065 41
0.000021492681156 42
0.000021746672472 41
0.000014732200835 39
0.000015273473878 43
0.000013446969808 38
0.000011963514667 37
0.000013473382432 37
0.000010732147122 36
0.000008417149460 29
0.000011845814488 35
0.000014826548889 40
0.000015011722806 40
0.000013712103772 39
0.000013416985058 41
0.000012317090569 34
0.000014331873837 41
0.000014025092041 37
0.000016193463839 44
0.000012238237287 38
0.000015779551905 43
0.000007033061331 29
0.000012104106273 36
0.000013484496866 38
0.000013463498906 36
0.000012318502899 39
0.000011388432538 36
0.000013383177045 39
0.000011350901727 34
0.000013543970320 39
0.000015016871210 41
0.000013980203352 37
0.000013713330056 39
0.000021725209166 41
0.000021388155827 41
0.000021799285692 41
0.000021388986028 40
0.000021757353104 41
0.000021398705211 41
0.000017495658150 38
0.000021232534057 41
0.000021687909552 41
0.000021798198619 41
0.000021121665121 41
0.000021841223805 41
0.000020951760072 41
0.000021836149062 41
0.000021159915216 41
0.000021651948594 41
0.000021562947051 41
0.000021840301823 41
0.000021281730749 41
0.000021405554247 41
0.000021888844691 41
0.000021355135115 41
0.000019659112373 41
0.000021734595496 41
0.000021741010436 41
0.000021168311168 40
0.000021573839053 41
0.000021885560269 41
0.000021497778162 41
0.000021789860836 41
0.000013985707258 38
0.000020208815763 45
0.000016088662028 41
0.000017498654738 43
0.000015861968537 41
0.000018755433444 45
0.000019806228748 45
0.000017476481699 43
0.000019341996504 46
0.000019916619994 45
0.000015460585509 37
0.000020401472658 45
0.000018397888649 42
0.000018545919058 45
0.000020232017069 44
0.000020780115547 45
0.000020612804070 45
0.000020536390624 44
0.000020331107455 44
0.000016833714855 42
0.000019168156771 45
0.000016837416924 42
0.000019658570945 44
0.000018811462134 45
0.000019743685694 44
0.000020547440357 44
0.000020381913600 45
0.000018822113350 43
0.000017361631651 42
0.000019586325022 44
0.000000072039403 13
0.000000103310740 13
0.000000092512922 11
0.000000095701062 12
0.000000042917073 7
0.000000134679744 17
0.000000011001858 3
0.000000070204511 10
0.000000115390937 12
0.000000149380676 16
0.000000136508087 15
0.000000130393331 13
0.000000089731529 10
0.000000112784426 14
0.000000028936640 6
0.000000092064942 11
0.000000082655394 10
0.000000078973884 10
0.000000140944190 12
0.000000094764242 11
0.000000155549918 14
0.000007099134415 22
0.000000071190511 11
0.000000024516683 5
0.000000132079383 16
0.000000041329297 6
0.000000108880895 14
0.000000183887920 17
0.000000130233726 15
0.000000088114318 11
0.000000079418371 11
0.000000060261928 8
0.000000080873345 11
0.000000021926127 4
0.000000040896565 7
0.000000073417810 11
0.000000130075689 10
0.000000015123493 4
0.000000067446359 9
0.000000063623582 9
0.000000111899645 14
0.000000135476633 15
0.000000091961609 12
0.000000044920823 7
0.000000088989767 11
0.000000090129617 11
0.000000112201847 13
0.000000084196940 6
0.000000170756904 16
0.000000143741043 16
0.000000068246762 11
0.000000102810558 12
0.000000513313986 12
0.000000176725546 8
0.000000078397631 13
0.000000088291920 11
0.000000099215558 14
0.000000061692306 9
0.000000080495878 11
0.000001230285762 11
