0.000000049373540 90
0.000000374231616 90
0.000000206475836 90
0.000000754938372 90
0.000000528940016 90
0.000000380447699 90
0.000001157798532 90
0.000000109030338 90
0.000000449135990 90
0.000000230896044 90
0.000000204284700 90
0.000000490635580 90
0.000000475480342 90
0.000000014906731 90
0.000000001296545 90
0.000000044558230 90
0.000000424219707 90
0.000000426264293 90
0.000000017010469 90
0.000000005079073 90
0.000000003376153 90
0.000000029843429 90
0.000000219299793 90
0.000000020596867 90
0.000000059186246 90
0.000000423080043 90
0.000001010859468 90
0.000000081553871 90
0.000000144537250 90
0.000000023635086 90
0.000007384597475 90
0.000018094255406 90
0.000000586593719 90
0.000000107318886 90
0.000000031703120 90
0.000001530667438 90
0.000001035658523 90
0.000000726493811 90
0.000000248748783 90
0.000000465821371 90
0.000000169472500 90
0.000000091830267 90
0.000000160028610 90
0.000000164681912 90
0.000000192414671 90
0.000000243612465 90
0.000000583695737 90
0.000000147433753 90
0.000000317436046 90
0.000001006782815 90
0.000000173614314 90
0.000000401246621 90
0.000000505173083 90
0.000000128648598 90
0.000000000192651 90
0.000000339738048 90
0.000001322610713 90
0.000000866390160 90
0.000000119643886 90
0.000000012017158 90
0.000000034192939 90
0.000000282429967 90
0.000000777157970 90
0.000000805211365 90
0.000000279317237 90
0.000000007405742 90
0.000000066290890 90
0.000002688614555 90
0.000002897943386 90
0.000000096466806 90
0.000000028832373 90
0.000000085008902 90
0.000000040813350 90
0.000000061274090 90
0.000000039591033 90
0.000000844853733 90
0.000000518378148 90
0.000000216629258 90
0.000000021104607 90
0.000000000030778 90
0.000000196517910 90
0.000000386158235 90
0.000000176663046 90
0.000000008603486 90
0.000000000042506 90
0.000000028058099 90
0.000000547150093 90
0.000002139147162 90
0.000002276340856 90
0.000000044946006 90
0.000000160788216 90
0.000001096049422 90
0.000005826091520 90
0.000007349925280 90
0.000000814603320 90
0.000000111159315 90
0.000001217161337 90
0.000000555955823 90
0.000000418353581 90
0.000000078166943 90
0.000000111514560 90
0.000000118431267 90
0.000000256849030 90
0.000000005433116 90
0.000000000000629 90
0.000000060983777 90
0.000000144012559 90
0.000000394351801 90
0.000000008386129 90
0.000000000001204 90
0.000000002664989 90
0.000000017557355 90
0.000000025076680 90
0.000000026267882 90
0.000000001270946 90
0.000000014270827 90
0.000000110378165 90
0.000000074368069 90
0.000000114758075 90
0.000000374642313 90
0.000000022098034 90
0.000000500139895 90
0.000000132849850 90
0.000000088274304 90
0.000000399039628 90
