125 3
125
4.695476192547065608e-01 1.919319830933352566e+00 1.323685775889948957e+00
4.695476192547065608e-01 1.919319830933352566e+00 2.553849907737379255e+01
4.695476192547065608e-01 1.919319830933352566e+00 4.975331237885763613e+01
4.695476192547065608e-01 1.919319830933352566e+00 7.396812568034147262e+01
4.695476192547065608e-01 1.919319830933352566e+00 9.818293898182531620e+01
2.511063439935863784e+01 1.919319830933352566e+00 1.323685775889948957e+00
2.511063439935863784e+01 1.919319830933352566e+00 2.553849907737379255e+01
2.511063439935863784e+01 1.919319830933352566e+00 4.975331237885763613e+01
2.511063439935863784e+01 1.919319830933352566e+00 7.396812568034147262e+01
2.511063439935863784e+01 1.919319830933352566e+00 9.818293898182531620e+01
4.975172117946256378e+01 1.919319830933352566e+00 1.323685775889948957e+00
4.975172117946256378e+01 1.919319830933352566e+00 2.553849907737379255e+01
4.975172117946256378e+01 1.919319830933352566e+00 4.975331237885763613e+01
4.975172117946256378e+01 1.919319830933352566e+00 7.396812568034147262e+01
4.975172117946256378e+01 1.919319830933352566e+00 9.818293898182531620e+01
7.439280795956649683e+01 1.919319830933352566e+00 1.323685775889948957e+00
7.439280795956649683e+01 1.919319830933352566e+00 2.553849907737379255e+01
7.439280795956649683e+01 1.919319830933352566e+00 4.975331237885763613e+01
7.439280795956649683e+01 1.919319830933352566e+00 7.396812568034147262e+01
7.439280795956649683e+01 1.919319830933352566e+00 9.818293898182531620e+01
9.903389473967042989e+01 1.919319830933352566e+00 1.323685775889948957e+00
9.903389473967042989e+01 1.919319830933352566e+00 2.553849907737379255e+01
9.903389473967042989e+01 1.919319830933352566e+00 4.975331237885763613e+01
9.903389473967042989e+01 1.919319830933352566e+00 7.396812568034147262e+01
9.903389473967042989e+01 1.919319830933352566e+00 9.818293898182531620e+01
4.695476192547065608e-01 2.641066503739667937e+01 1.323685775889948957e+00
4.695476192547065608e-01 2.641066503739667937e+01 2.553849907737379255e+01
4.695476192547065608e-01 2.641066503739667937e+01 4.975331237885763613e+01
4.695476192547065608e-01 2.641066503739667937e+01 7.396812568034147262e+01
4.695476192547065608e-01 2.641066503739667937e+01 9.818293898182531620e+01
2.511063439935863784e+01 2.641066503739667937e+01 1.323685775889948957e+00
2.511063439935863784e+01 2.641066503739667937e+01 2.553849907737379255e+01
2.511063439935863784e+01 2.641066503739667937e+01 4.975331237885763613e+01
2.511063439935863784e+01 2.641066503739667937e+01 7.396812568034147262e+01
2.511063439935863784e+01 2.641066503739667937e+01 9.818293898182531620e+01
4.975172117946256378e+01 2.641066503739667937e+01 1.323685775889948957e+00
4.975172117946256378e+01 2.641066503739667937e+01 2.553849907737379255e+01
4.975172117946256378e+01 2.641066503739667937e+01 4.975331237885763613e+01
4.975172117946256378e+01 2.641066503739667937e+01 7.396812568034147262e+01
4.975172117946256378e+01 2.641066503739667937e+01 9.818293898182531620e+01
7.439280795956649683e+01 2.641066503739667937e+01 1.323685775889948957e+00
7.439280795956649683e+01 2.641066503739667937e+01 2.553849907737379255e+01
7.439280795956649683e+01 2.641066503739667937e+01 4.975331237885763613e+01
7.439280795956649683e+01 2.641066503739667937e+01 7.396812568034147262e+01
7.439280795956649683e+01 2.641066503739667937e+01 9.818293898182531620e+01
9.903389473967042989e+01 2.641066503739667937e+01 1.323685775889948957e+00
9.903389473967042989e+01 2.641066503739667937e+01 2.553849907737379255e+01
9.903389473967042989e+01 2.641066503739667937e+01 4.975331237885763613e+01
9.903389473967042989e+01 2.641066503739667937e+01 7.396812568034147262e+01
9.903389473967042989e+01 2.641066503739667937e+01 9.818293898182531620e+01
4.695476192547065608e-01 5.090201024386000483e+01 1.323685775889948957e+00
4.695476192547065608e-01 5.090201024386000483e+01 2.553849907737379255e+01
4.695476192547065608e-01 5.090201024386000483e+01 4.975331237885763613e+01
4.695476192547065608e-01 5.090201024386000483e+01 7.396812568034147262e+01
4.695476192547065608e-01 5.090201024386000483e+01 9.818293898182531620e+01
2.511063439935863784e+01 5.090201024386000483e+01 1.323685775889948957e+00
2.511063439935863784e+01 5.090201024386000483e+01 2.553849907737379255e+01
2.511063439935863784e+01 5.090201024386000483e+01 4.975331237885763613e+01
2.511063439935863784e+01 5.090201024386000483e+01 7.396812568034147262e+01
2.511063439935863784e+01 5.090201024386000483e+01 9.818293898182531620e+01
4.975172117946256378e+01 5.090201024386000483e+01 1.323685775889948957e+00
4.975172117946256378e+01 5.090201024386000483e+01 2.553849907737379255e+01
4.975172117946256378e+01 5.090201024386000483e+01 4.975331237885763613e+01
4.975172117946256378e+01 5.090201024386000483e+01 7.396812568034147262e+01
4.975172117946256378e+01 5.090201024386000483e+01 9.818293898182531620e+01
7.439280795956649683e+01 5.090201024386000483e+01 1.323685775889948957e+00
7.439280795956649683e+01 5.090201024386000483e+01 2.553849907737379255e+01
7.439280795956649683e+01 5.090201024386000483e+01 4.975331237885763613e+01
7.439280795956649683e+01 5.090201024386000483e+01 7.396812568034147262e+01
7.439280795956649683e+01 5.090201024386000483e+01 9.818293898182531620e+01
9.903389473967042989e+01 5.090201024386000483e+01 1.323685775889948957e+00
9.903389473967042989e+01 5.090201024386000483e+01 2.553849907737379255e+01
9.903389473967042989e+01 5.090201024386000483e+01 4.975331237885763613e+01
9.903389473967042989e+01 5.090201024386000483e+01 7.396812568034147262e+01
9.903389473967042989e+01 5.090201024386000483e+01 9.818293898182531620e+01
4.695476192547065608e-01 7.539335545032332675e+01 1.323685775889948957e+00
4.695476192547065608e-01 7.539335545032332675e+01 2.553849907737379255e+01
4.695476192547065608e-01 7.539335545032332675e+01 4.975331237885763613e+01
4.695476192547065608e-01 7.539335545032332675e+01 7.396812568034147262e+01
4.695476192547065608e-01 7.539335545032332675e+01 9.818293898182531620e+01
2.511063439935863784e+01 7.539335545032332675e+01 1.323685775889948957e+00
2.511063439935863784e+01 7.539335545032332675e+01 2.553849907737379255e+01
2.511063439935863784e+01 7.539335545032332675e+01 4.975331237885763613e+01
2.511063439935863784e+01 7.539335545032332675e+01 7.396812568034147262e+01
2.511063439935863784e+01 7.539335545032332675e+01 9.818293898182531620e+01
4.975172117946256378e+01 7.539335545032332675e+01 1.323685775889948957e+00
4.975172117946256378e+01 7.539335545032332675e+01 2.553849907737379255e+01
4.975172117946256378e+01 7.539335545032332675e+01 4.975331237885763613e+01
4.975172117946256378e+01 7.539335545032332675e+01 7.396812568034147262e+01
4.975172117946256378e+01 7.539335545032332675e+01 9.818293898182531620e+01
7.439280795956649683e+01 7.539335545032332675e+01 1.323685775889948957e+00
7.439280795956649683e+01 7.539335545032332675e+01 2.553849907737379255e+01
7.439280795956649683e+01 7.539335545032332675e+01 4.975331237885763613e+01
7.439280795956649683e+01 7.539335545032332675e+01 7.396812568034147262e+01
7.439280795956649683e+01 7.539335545032332675e+01 9.818293898182531620e+01
9.903389473967042989e+01 7.539335545032332675e+01 1.323685775889948957e+00
9.903389473967042989e+01 7.539335545032332675e+01 2.553849907737379255e+01
9.903389473967042989e+01 7.539335545032332675e+01 4.975331237885763613e+01
9.903389473967042989e+01 7.539335545032332675e+01 7.396812568034147262e+01
9.903389473967042989e+01 7.539335545032332675e+01 9.818293898182531620e+01
4.695476192547065608e-01 9.988470065678664866e+01 1.323685775889948957e+00
4.695476192547065608e-01 9.988470065678664866e+01 2.553849907737379255e+01
4.695476192547065608e-01 9.988470065678664866e+01 4.975331237885763613e+01
4.695476192547065608e-01 9.988470065678664866e+01 7.396812568034147262e+01
4.695476192547065608e-01 9.988470065678664866e+01 9.818293898182531620e+01
2.511063439935863784e+01 9.988470065678664866e+01 1.323685775889948957e+00
2.511063439935863784e+01 9.988470065678664866e+01 2.553849907737379255e+01
2.511063439935863784e+01 9.988470065678664866e+01 4.975331237885763613e+01
2.511063439935863784e+01 9.988470065678664866e+01 7.396812568034147262e+01
2.511063439935863784e+01 9.988470065678664866e+01 9.818293898182531620e+01
4.975172117946256378e+01 9.988470065678664866e+01 1.323685775889948957e+00
4.975172117946256378e+01 9.988470065678664866e+01 2.553849907737379255e+01
4.975172117946256378e+01 9.988470065678664866e+01 4.975331237885763613e+01
4.975172117946256378e+01 9.988470065678664866e+01 7.396812568034147262e+01
4.975172117946256378e+01 9.988470065678664866e+01 9.818293898182531620e+01
7.439280795956649683e+01 9.988470065678664866e+01 1.323685775889948957e+00
7.439280795956649683e+01 9.988470065678664866e+01 2.553849907737379255e+01
7.439280795956649683e+01 9.988470065678664866e+01 4.975331237885763613e+01
7.439280795956649683e+01 9.988470065678664866e+01 7.396812568034147262e+01
7.439280795956649683e+01 9.988470065678664866e+01 9.818293898182531620e+01
9.903389473967042989e+01 9.988470065678664866e+01 1.323685775889948957e+00
9.903389473967042989e+01 9.988470065678664866e+01 2.553849907737379255e+01
9.903389473967042989e+01 9.988470065678664866e+01 4.975331237885763613e+01
9.903389473967042989e+01 9.988470065678664866e+01 7.396812568034147262e+01
9.903389473967042989e+01 9.988470065678664866e+01 9.818293898182531620e+01
