0.000045645729253 31
0.000039663221721 27
0.000060004606903 36
0.000046816447662 31
0.000059050599058 36
0.000055242779915 36
0.000042176008428 29
0.000060124002172 38
0.000031866631446 25
0.000042987692098 30
0.000061110895928 38
0.000044435989985 30
0.000056420462583 35
0.000054918552244 33
0.000028697869655 22
0.000048911573652 31
0.000045397045720 29
0.000057243274110 33
0.000060805018176 37
0.000060917857300 37
0.000058150109869 35
0.000042970160231 27
0.000041063156768 25
0.000059970705365 37
0.000046744077109 30
0.000057768299777 35
0.000058323425388 35
0.000056220521624 36
0.000041701521381 29
0.000047450009051 31
0.000022591333570 22
0.000029714463820 25
0.000022493030184 21
0.000011334561892 13
0.000012527839009 14
0.000017931822337 17
0.000006098606731 10
0.000019141770001 20
0.000025173693407 24
0.000025572097454 24
0.000027124441430 26
0.000025042426661 22
0.000021103445019 20
0.000027427103887 24
0.000016754383245 16
0.000024421439990 22
0.000015121859249 15
0.000031788059492 27
0.000006643268165 9
0.000020598807323 19
0.000014456265623 14
0.000016485608957 16
0.000018531257935 18
0.000008826205906 11
0.000016338024473 17
0.000012073315748 12
0.000028375344956 25
0.000019088394045 18
0.000013321136201 14
0.000022284013706 20
0.000000293628593 4
0.000000271475621 4
0.000000080872593 1
0.000000080872593 1
0.000000259718925 2
0.000000080872593 1
0.000000207077965 3
0.000000208238040 3
0.000000080872593 1
0.000000311699000 3
0.000000127292657 2
0.000000148877875 2
0.000000190204475 2
0.000000196384632 3
0.000000193345296 2
0.000000203089281 3
0.000000436063209 6
0.000000147384279 2
0.000000126773329 2
0.000000194275386 3
0.000000285697494 2
0.000000143171641 2
0.000000319164564 2
0.000000252446861 4
0.000000215133153 2
0.000000202035208 3
0.000000207604007 2
0.000000138433484 2
0.000000301220189 2
0.000000244124228 3
