0.000000517166184 5
0.000000000000000 0
0.000000208316752 1
0.000000000000000 0
0.000000154032035 1
0.000004550795531 28
0.000000801449522 7
0.000000000000000 0
0.000000117601165 1
0.000000170967012 1
0.000000134795191 1
0.000000244660753 2
0.000000214177262 2
0.000000080534021 1
0.000000000000000 0
0.000000084672970 1
0.000000173750974 1
0.000000000000000 0
0.000000000000000 0
0.000000000000000 0
0.000000000000000 0
0.000000224312489 1
0.000000000000000 0
0.000001223078316 12
0.000000214070724 2
0.000000000000000 0
0.000000000000000 0
0.000000244152379 2
0.000000206013310 2
0.000000000000000 0
0.000001353061492 11
0.000000429581756 3
0.000000243498480 3
0.000000178766810 2
0.000000243412238 2
0.000000202701822 2
0.000000270610568 3
0.000000694565098 5
0.000000262388351 2
0.000000229665766 2
0.000000219986092 2
0.000000099294516 1
0.000000000000000 0
0.000002378237911 19
0.000000765135325 5
0.000000343407525 3
0.000000098988132 1
0.000000079468312 1
0.000000978468661 10
0.000001529351949 13
0.000000000000000 0
0.000000000000000 0
0.000000587374276 4
0.000000000000000 0
0.000000000000000 0
0.000000000000000 0
0.000000046681744 1
0.000000235221008 2
0.000000000000000 0
0.000000175292332 1
0.000000064095870 1
0.000000283903512 4
0.000000198623610 1
0.000000157404616 2
0.000000602884490 5
0.000000067204803 1
0.000000000000000 0
0.000000000000000 0
0.000000000000000 0
0.000000223463068 2
0.000000000000000 0
0.000000125916215 1
0.000000109395615 1
0.000000000000000 0
0.000000157505738 2
0.000000000000000 0
0.000000129388149 1
0.000000000000000 0
0.000000114224887 1
0.000000000000000 0
0.000000000000000 0
0.000002696615464 18
0.000002283726034 18
0.000000000000000 0
0.000000000000000 0
0.000000298440138 4
0.000004016451284 30
0.000000771841430 8
0.000000299643945 2
0.000000000000000 0
0.000000059687771 1
0.000003082260964 24
0.000000226824334 1
0.000000230136707 2
0.000000000000000 0
0.000000000000000 0
0.000000000000000 0
0.000000000000000 0
0.000000000000000 0
0.000000000000000 0
0.000000000000000 0
0.000000000000000 0
0.000000000000000 0
0.000000000000000 0
0.000000000000000 0
0.000000085990211 1
0.000000166697601 2
0.000000000000000 0
0.000000000000000 0
0.000000000000000 0
0.000000000000000 0
0.000000786224599 10
0.000000231674660 2
0.000000081908151 1
0.000000000000000 0
0.000000126152418 1
0.000000210885896 4
0.000000000000000 0
0.000000228878684 2
0.000000398282728 4
0.000000089875261 1
0.000000238532171 1
0.000000226859977 2
0.000000142201107 1
0.000000000000000 0
