0.000059322821512 2
0.000021702827461 2
0.000049832311645 2
0.000043052480883 2
0.000214113726584 6
0.000079911061573 3
0.000010916465740 1
0.000205922975678 7
0.000036380435069 3
0.000010916465740 1
0.000150731698086 5
0.000045422413873 2
0.000017936753443 1
0.000050473989284 2
0.000010916465740 1
0.000111599462461 5
0.000039652023374 2
0.000038357323720 1
0.000069871542012 3
0.000023564634903 1
0.000149137628743 4
0.000047643622855 2
0.000102583309057 3
0.000081298946061 3
0.000060111629718 3
0.000049514773257 2
0.000068674649681 2
0.000090921527353 4
0.000010916465740 1
0.000082125152098 4
0.000127757059573 5
0.000136973116200 4
0.000062122872131 2
0.000059955772711 3
0.000048708730850 2
0.000033774230061 2
0.000018937400703 2
0.000021273801014 2
0.000060955482041 3
0.000082465835545 3
0.000054434512996 2
0.000089543413921 4
0.000031586376989 2
0.000046586397934 2
0.000203509318334 5
0.000105958474811 3
0.000121711186496 5
0.000149528202850 4
0.000024467961704 3
0.000025582344328 1
0.000066429749280 3
0.000231516232689 6
0.000091297777653 4
0.000010916465740 1
0.000056245538206 2
0.000118443188884 4
0.000100931247573 3
0.000208294522628 6
0.000067785295255 2
0.000051298662123 2
0.000010916465740 1
0.000010916465740 1
0.000010916465740 1
0.000010916465740 1
0.000010916465740 1
0.000010916465740 1
0.000010916465740 1
0.000010916465740 1
0.000010916465740 1
0.000010916465740 1
0.000010916465740 1
0.000010916465740 1
0.000010916465740 1
0.000010916465740 1
0.000010916465740 1
0.000010916465740 1
0.000010916465740 1
0.000010916465740 1
0.000021400890487 2
0.000010916465740 1
0.000010916465740 1
0.000010916465740 1
0.000010916465740 1
0.000010916465740 1
0.000010916465740 1
0.000010916465740 1
0.000010916465740 1
0.000010916465740 1
0.000010916465740 1
0.000010916465740 1
