0.000000155684681 90
0.000001207606266 90
0.000000410029489 90
0.000000064690254 90
0.000000000013257 90
0.000000051116914 90
0.000000434102249 90
0.000000380131567 90
0.000000262314198 90
0.000000069283826 90
0.000001876851931 90
0.000001451723306 90
0.000001524458266 90
0.000000892760094 90
0.000000630353927 90
0.000001525351570 90
0.000001212218927 90
0.000001864237889 90
0.000001160374199 90
0.000000291060572 90
0.000000302488571 90
0.000000244405048 90
0.000001663942079 90
0.000001001924066 90
0.000000647210144 90
0.000000129164482 90
0.000000478277642 90
0.000001957192207 90
0.000000106400214 90
0.000000086016765 90
0.000000051279337 90
0.000000143520380 90
0.000000500462564 90
0.000000122102620 90
0.000000148326091 90
0.000000191632366 90
0.000000362662887 90
0.000000315297855 90
0.000000469619925 90
0.000000421933329 90
0.000000268496700 90
0.000000597232204 90
0.000001492793109 90
0.000000271290907 90
0.000000161917485 90
0.000000081835945 90
0.000000185242470 90
0.000002070059964 90
0.000000209690713 90
0.000000192362067 90
0.000000776443266 90
0.000001700004423 90
0.000000576474238 90
0.000000085528410 90
0.000000763931308 90
0.000001156086753 90
0.000001319875145 90
0.000004794114165 90
0.000001540070817 90
0.000002869291407 90
0.000000032133568 90
0.000000487948870 90
0.000003810689184 90
0.000001260596767 90
0.000000484040659 90
0.000000532822939 90
0.000001564086009 90
0.000002668868761 90
0.000001039154766 90
0.000001285913224 90
0.000000227202146 90
0.000002135470778 90
0.000000981928209 90
0.000000299274207 90
0.000000282015375 90
0.000000006075187 90
0.000000017851278 90
0.000000061029486 90
0.000000003769836 90
0.000000003035324 90
0.000000018494152 90
0.000000027416437 90
0.000001353149154 90
0.000000076367031 90
0.000000042131234 90
0.000000000499980 90
0.000000043358574 90
0.000001980817563 90
0.000000065168609 90
0.000000007080806 90
0.000000007638861 90
0.000000064374709 90
0.000001871932899 90
0.000000065252092 90
0.000000023578443 90
0.000000006838337 90
0.000000055044796 90
0.000000658644029 90
0.000000014552663 90
0.000000004024908 90
0.000000000000017 90
0.000000000022791 90
0.000000001683236 90
0.000000000050509 90
0.000000000000013 90
0.000000000000139 90
0.000000006616168 90
0.000000483107475 90
0.000000014344732 90
0.000000000000499 90
0.000000000000153 90
0.000000020499425 90
0.000001347617606 90
0.000000042156074 90
0.000000000000646 90
0.000000000000104 90
0.000000009633231 90
0.000001059487027 90
0.000000049071290 90
0.000000000001091 90
0.000000000000079 90
0.000000000293249 90
0.000000016547452 90
0.000000000444552 90
0.000000000000025 90
