0.000000000000000 0
0.000000000000000 0
0.000000000000000 0
0.000000322016756 1
0.000000491348448 1
0.000000000000000 0
0.000000000000000 0
0.000000000000000 0
0.000000000000000 0
0.000000000000000 0
0.000000000000000 0
0.000000000000000 0
0.000000384124510 1
0.000000000000000 0
0.000000000000000 0
0.000000000000000 0
0.000000000000000 0
0.000000000000000 0
0.000000000000000 0
0.000000000000000 0
0.000000000000000 0
0.000000000000000 0
0.000000000000000 0
0.000000000000000 0
0.000000000000000 0
0.000000000000000 0
0.000000000000000 0
0.000000000000000 0
0.000000000000000 0
0.000000000000000 0
0.000001645454851 3
0.000021547665516 29
0.000000000000000 0
0.000000000000000 0
0.000000000000000 0
0.000001172016453 2
0.000000000000000 0
0.000000630261829 1
0.000000000000000 0
0.000000445540111 1
0.000000000000000 0
0.000000000000000 0
0.000000000000000 0
0.000000000000000 0
0.000000000000000 0
0.000000000000000 0
0.000000554328368 1
0.000000000000000 0
0.000000000000000 0
0.000000790108534 1
0.000000196866900 1
0.000000253077693 1
0.000000426778097 1
0.000000000000000 0
0.000000000000000 0
0.000000000000000 0
0.000000431122789 1
0.000000558243364 1
0.000000000000000 0
0.000000000000000 0
0.000000000000000 0
0.000000291925884 1
0.000000000000000 0
0.000000000000000 0
0.000000337328307 1
0.000000000000000 0
0.000000000000000 0
0.000001108802610 4
0.000000000000000 0
0.000000000000000 0
0.000000000000000 0
0.000000000000000 0
0.000000000000000 0
0.000000000000000 0
0.000000000000000 0
0.000000684504960 1
0.000000000000000 0
0.000000000000000 0
0.000000000000000 0
0.000000000000000 0
0.000000000000000 0
0.000000000000000 0
0.000000000000000 0
0.000000000000000 0
0.000000000000000 0
0.000000000000000 0
0.000000380921806 1
0.000000307547721 1
0.000000744477839 3
0.000000000000000 0
0.000000000000000 0
0.000000535981845 1
0.000003720636248 12
0.000004685818488 13
0.000000651118065 1
0.000000000000000 0
0.000000564159687 1
0.000000000000000 0
0.000000000000000 0
0.000000000000000 0
0.000000000000000 0
0.000000000000000 0
0.000000304100645 1
0.000000000000000 0
0.000000000000000 0
0.000000000000000 0
0.000000000000000 0
0.000000369273407 1
0.000000000000000 0
0.000000000000000 0
0.000000000000000 0
0.000000000000000 0
0.000000000000000 0
0.000000000000000 0
0.000000000000000 0
0.000000000000000 0
0.000000000000000 0
0.000000000000000 0
0.000000000000000 0
0.000000000000000 0
0.000000000000000 0
0.000000766942223 1
0.000000000000000 0
0.000000000000000 0
0.000000000000000 0
