0.000000000000000 0
0.000000000000000 0
0.000000296643927 1
0.000000396853425 1
0.000000830648616 2
0.000000000000000 0
0.000000000000000 0
0.000000000000000 0
0.000000000000000 0
0.000000000000000 0
0.000000784072948 2
0.000000000000000 0
0.000000000000000 0
0.000000000000000 0
0.000000000000000 0
0.000000000000000 0
0.000000000000000 0
0.000000469083432 1
0.000000292633138 1
0.000000000000000 0
0.000000434471281 1
0.000000000000000 0
0.000000000000000 0
0.000000000000000 0
0.000000000000000 0
0.000000000000000 0
0.000000000000000 0
0.000000000000000 0
0.000000000000000 0
0.000000000000000 0
0.000004562507789 7
0.000016572941944 24
0.000000000000000 0
0.000000000000000 0
0.000000000000000 0
0.000001101178172 2
0.000000000000000 0
0.000000000000000 0
0.000000000000000 0
0.000000510397769 1
0.000000000000000 0
0.000000000000000 0
0.000000000000000 0
0.000000000000000 0
0.000000000000000 0
0.000000000000000 0
0.000000499227352 1
0.000000000000000 0
0.000000000000000 0
0.000000760893129 1
0.000000705677733 2
0.000000000000000 0
0.000000000000000 0
0.000000000000000 0
0.000000000000000 0
0.000000000000000 0
0.000000000000000 0
0.000000000000000 0
0.000000577958959 1
0.000000000000000 0
0.000000000000000 0
0.000000000000000 0
0.000000263603019 1
0.000000290058337 1
0.000000332614741 1
0.000000000000000 0
0.000000000000000 0
0.000002969957765 8
0.000002696847707 6
0.000000000000000 0
0.000000000000000 0
0.000000000000000 0
0.000000224797774 1
0.000000000000000 0
0.000000000000000 0
0.000000669635474 1
0.000000000000000 0
0.000000000000000 0
0.000000000000000 0
0.000000000000000 0
0.000000000000000 0
0.000000000000000 0
0.000000000000000 0
0.000000000000000 0
0.000000000000000 0
0.000000395841812 1
0.000000432296320 1
0.000001023047228 2
0.000000000000000 0
0.000000292279418 1
0.000000000000000 0
0.000000000000000 0
0.000001919599148 5
0.000003585236201 9
0.000000000000000 0
0.000000000000000 0
0.000000000000000 0
0.000000000000000 0
0.000000000000000 0
0.000000000000000 0
0.000000000000000 0
0.000000000000000 0
0.000000000000000 0
0.000000427046140 1
0.000000000000000 0
0.000000000000000 0
0.000000000000000 0
0.000000450023548 1
0.000000000000000 0
0.000000000000000 0
0.000000000000000 0
0.000000000000000 0
0.000000000000000 0
0.000000000000000 0
0.000000000000000 0
0.000000000000000 0
0.000000000000000 0
0.000000293237162 1
0.000000000000000 0
0.000000000000000 0
0.000000000000000 0
0.000000000000000 0
0.000000000000000 0
0.000000000000000 0
0.000000000000000 0
