0.000000000000000 0
0.000000653000753 1
0.000001153102504 2
0.000000000000000 0
0.000000000000000 0
0.000000685511111 1
0.000000801166795 1
0.000000000000000 0
0.000000562817868 1
0.000000000000000 0
0.000000000000000 0
0.000000000000000 0
0.000000907286880 1
0.000001361585877 2
0.000000807801042 1
0.000000000000000 0
0.000000801629348 1
0.000000752412322 1
0.000000000000000 0
0.000000000000000 0
0.000000000000000 0
0.000000000000000 0
0.000000000000000 0
0.000000724269600 1
0.000000000000000 0
0.000000000000000 0
0.000000687768611 1
0.000002043640473 2
0.000000000000000 0
0.000000000000000 0
0.000000000000000 0
0.000000000000000 0
0.000001072862921 2
0.000000000000000 0
0.000000000000000 0
0.000000000000000 0
0.000000000000000 0
0.000000587006180 1
0.000000000000000 0
0.000000000000000 0
0.000000000000000 0
0.000000000000000 0
0.000001057301229 2
0.000000000000000 0
0.000000538803461 1
0.000000000000000 0
0.000000000000000 0
0.000001551753549 2
0.000000000000000 0
0.000000000000000 0
0.000000581618980 1
0.000001597729311 2
0.000000597281512 1
0.000000000000000 0
0.000000632923319 1
0.000001200460489 1
0.000000508952643 1
0.000005616739755 7
0.000000697059168 1
0.000003732742342 4
0.000000000000000 0
0.000000753528145 1
0.000003459654488 5
0.000000000000000 0
0.000001675405882 2
0.000000596010079 1
0.000002264076168 3
0.000002170627785 4
0.000000000000000 0
0.000001366942057 2
0.000000549699967 1
0.000002161483366 2
0.000000855526263 1
0.000000000000000 0
0.000000000000000 0
0.000000000000000 0
0.000000000000000 0
0.000000602645784 1
0.000000000000000 0
0.000000000000000 0
0.000000000000000 0
0.000000000000000 0
0.000001559824774 2
0.000000000000000 0
0.000000000000000 0
0.000000000000000 0
0.000000000000000 0
0.000000486299797 1
0.000000000000000 0
0.000000000000000 0
0.000000000000000 0
0.000000000000000 0
0.000002442749965 4
0.000000000000000 0
0.000000000000000 0
0.000000000000000 0
0.000000000000000 0
0.000001585475025 3
0.000000000000000 0
0.000000000000000 0
0.000000000000000 0
0.000000000000000 0
0.000000000000000 0
0.000000000000000 0
0.000000000000000 0
0.000000000000000 0
0.000000000000000 0
0.000001125153218 2
0.000000000000000 0
0.000000000000000 0
0.000000000000000 0
0.000000000000000 0
0.000000000000000 0
0.000000000000000 0
0.000000000000000 0
0.000000000000000 0
0.000000000000000 0
0.000001096316191 2
0.000000000000000 0
0.000000000000000 0
0.000000000000000 0
0.000000000000000 0
0.000000000000000 0
0.000000000000000 0
0.000000000000000 0
