0.000000000000000 0
0.000000129946602 1
0.000000000000000 0
0.000000114453890 1
0.000000159682926 1
0.000004712903968 30
0.000000461667609 5
0.000000000000000 0
0.000000187952435 2
0.000000000000000 0
0.000000000000000 0
0.000000270161538 2
0.000000000000000 0
0.000000057569827 1
0.000000000000000 0
0.000000000000000 0
0.000000326191275 2
0.000000156366304 1
0.000000000000000 0
0.000000098657446 1
0.000000148247850 1
0.000000358013804 3
0.000000286438991 2
0.000000179631218 1
0.000000000000000 0
0.000000000000000 0
0.000000000000000 0
0.000000385994864 3
0.000000170011862 2
0.000000000000000 0
0.000003424990328 27
0.000000000000000 0
0.000000354912065 3
0.000000179786943 2
0.000000240583362 2
0.000000000000000 0
0.000000410470272 4
0.000000469062833 3
0.000000257208276 2
0.000000236521476 2
0.000000142813867 1
0.000000124121319 1
0.000000081448277 1
0.000001842043245 19
0.000000326771742 3
0.000000135135019 1
0.000000119890374 1
0.000000000000000 0
0.000004553277661 30
0.000000068870742 1
0.000000064145564 1
0.000000000000000 0
0.000000422899760 3
0.000000000000000 0
0.000000000000000 0
0.000000074436477 1
0.000000246893397 3
0.000000280031462 2
0.000000081967390 1
0.000000141444353 1
0.000000080406733 1
0.000000110382750 1
0.000000146858067 1
0.000000255676578 2
0.000000205554965 2
0.000000112885667 1
0.000000000000000 0
0.000000000000000 0
0.000000000000000 0
0.000000472625751 4
0.000000000000000 0
0.000000137419651 1
0.000000000000000 0
0.000000000000000 0
0.000000150666624 1
0.000000000000000 0
0.000000000000000 0
0.000000000000000 0
0.000000130670846 1
0.000000078110537 1
0.000000000000000 0
0.000002513398874 19
0.000003053704100 24
0.000000119699429 1
0.000000000000000 0
0.000000070830839 1
0.000004494952575 35
0.000000858285496 9
0.000000240387305 2
0.000000000000000 0
0.000000118490382 1
0.000003245351979 28
0.000000378647234 3
0.000000289841738 3
0.000000000000000 0
0.000000083945278 1
0.000000000000000 0
0.000000000000000 0
0.000000000000000 0
0.000000000000000 0
0.000000000000000 0
0.000000000000000 0
0.000000000000000 0
0.000000000000000 0
0.000000000000000 0
0.000000148014545 1
0.000000113518410 1
0.000000000000000 0
0.000000000000000 0
0.000000000000000 0
0.000000129123388 1
0.000000541535470 7
0.000000233980614 2
0.000000272736739 2
0.000000076674201 1
0.000000120204497 1
0.000000106706110 2
0.000000295390789 3
0.000000387060227 3
0.000000293565979 2
0.000000133198667 1
0.000000163029938 1
0.000000167744811 1
0.000000171747003 1
0.000000000000000 0
