# xi_x xi_y xi_z local_bandwidth
54.881350392732472 11.932938102861382 19.658236168005349 1.145939501284742
71.518936637241950 8.340468563848678 36.872517066096414 1.000000000000000
60.276337607164386 15.075325631480766 82.099322984793517 1.000000000000000
54.488318299689688 6.747939487454823 9.710127579306127 1.041523956644374
42.365479933890470 10.102319155235634 83.794490749880396 1.000000000000000
64.589411306665610 9.581444187052110 9.609840789396307 1.000000000000000
43.758721126269251 13.427398517804233 97.645946501339580 1.000000000000000
89.177300078207978 13.285586092832510 46.865120164770161 1.000000000000000
96.366276050102925 10.346472976796903 97.676108819033715 0.973160056936195
38.344151882577769 10.845597100373057 60.484551974504598 1.000000000000000
79.172503808266455 8.014850718843595 73.926357939830169 0.944354355619281
52.889491975290447 5.570804447459797 3.918779225432067 0.902277467700082
56.804456109393229 9.222044783908665 28.280696257640958 1.030659746580063
92.559663829266100 10.349606923128514 12.019656121316890 1.000000000000000
7.103605819788694 12.751013594191674 29.614019752214492 1.000000000000000
8.712929970154072 12.688603076657861 11.872771895424405 1.000000000000000
2.021839744032572 9.133910906767170 31.798317939397602 0.999170671731285
83.261984554793798 9.324030499928385 41.426299451466996 1.000000000000000
77.815675094985053 7.655364292101019 6.414749634878437 0.960538956431879
87.001214824681909 6.824743363198785 69.247211937001978 1.000000000000000
97.861834223276404 6.184663865780948 56.660145420657514 0.955432617308733
79.915856421672359 14.362066392572302 26.538949093944542 1.000000000000000
46.147936225293186 8.860383076722226 52.324805346669969 0.956219941102840
78.052917628645545 9.020436082401641 9.394051075844168 1.068387487812298
11.827442586893323 7.198664413032041 57.594649555617927 1.000000000000000
63.992102132752379 11.738521287490650 92.929619757621410 1.000000000000000
14.335328740904639 6.391214704119827 31.856895245132367 1.000000000000000
94.466891704958385 9.524298271889213 66.741037996368163 1.072687919159596
52.184832175007166 7.997675897592966 13.179786240439217 1.000000000000000
41.466193999052358 10.865140285877777 71.632720411856553 1.127573412081604
28.940609294720112 42.385504855817970 50.666880831010168 0.989362980417827
18.319136200711682 60.639321412792434 52.965889029389210 1.120322976788368
58.651293481008317 1.919319830933353 48.446899050654125 0.977315424974472
2.010754618749355 30.157481667454931 49.665406996045391 0.885152934847576
82.894002921736316 66.017353749268509 49.026967077699950 1.144721537899182
0.469547619254707 29.007760721044406 54.135079405204522 0.897137345494760
67.781653679623005 61.801542899884154 51.503296777596510 1.157917291924837
27.000797319216485 42.876870094576617 50.911112364072011 0.958620229789339
73.519402212259493 13.547406422245023 48.278415320570481 1.088911605998562
96.218854511743828 29.828232595603076 51.205797848540293 0.891753240081673
24.875314351995804 56.996491070126488 48.492146331321806 0.914099694576136
57.615733441783689 59.087276124817322 50.071175292063216 1.068364179143439
59.204193127183899 57.432524884957878 48.578204945518166 1.078114950465637
57.225190579087339 65.320081985713358 51.512550829744541 1.143951897807743
22.308163264061832 65.210327000168888 51.289296261153126 1.037178779105240
95.274901151698501 43.141843543397393 49.534229822898993 0.966682723879495
44.712537861762733 89.654659585106302 50.885497929057664 1.073577910941742
84.640867247112780 36.756187004789652 47.555840162890107 1.000000000000000
69.947927531750437 43.586492526562679 46.665446650747569 0.980484266527676
29.743695085513366 89.192335501567214 50.982509712776782 1.086970305094748
81.379781970247720 80.619398904608573 50.372693265700470 0.970098111933439
39.650574084698462 70.388858354036628 51.419973460740117 1.070351031403247
88.110319711116162 10.022688731230112 55.328873716819203 1.000000000000000
58.127287263585870 91.948261374467350 52.111920336264696 1.090175912377115
88.173536185485275 71.424129954911137 47.958867452534221 1.086101899490022
69.253159007776588 99.884700656786649 52.497724352156816 0.907594258854527
72.525427981964057 14.944830465799374 47.057541578000517 1.098377066150412
50.132438192670229 86.812605736821425 48.967865446266934 1.073208840092422
95.608363472322395 16.249293467637482 49.847407131600413 1.039347246669097
64.399019922963745 61.555956428384420 53.831150794362486 1.000000000000000
22.741462797332325 47.687362700527373 28.173010575394908 0.893237082044171
25.435648177039294 51.524091675968940 58.641016618632669 0.974958001841688
5.802916032387562 48.203521377127011 6.395526612098113 0.946529825797441
43.441662555812080 48.458119823080679 48.562759593462289 0.925753784437410
31.179588199410258 48.981398356174559 97.749513974444682 0.916719215302398
69.634348881545947 50.039084587769558 87.650524531659073 1.080219528893227
37.775183929248094 49.208445550816180 33.815895183684560 1.000000000000000
17.960367755963482 46.925515442166052 96.157015454149857 0.961337497798251
2.467872839133123 48.560825499695817 23.170162647120453 0.883507048395681
6.724963146324859 45.028319410238872 94.931882241568147 0.982824634111220
67.939277349856724 51.398060026167620 94.137770470649855 0.941751265436528
45.369684455604528 46.417690178189368 79.920258735239173 0.967231079645306
53.657921110872223 47.530523779819760 63.044793686679114 1.107261706327455
89.667129304034205 50.116644663279203 87.428796662494705 1.000000000000000
99.033894739670430 48.346286866425594 29.302028450779673 0.890472084219724
21.689698439847394 53.450285525603796 84.894355531291822 1.087601584474301
66.307820310010072 47.109084064678058 61.787669191752379 1.000000000000000
26.332237673715063 50.597143897315185 1.323685775889949 0.867402960960050
2.065099946572868 49.912160948095554 34.723351793221958 0.989109783417045
75.837865383614144 47.388063534975188 14.814086094816503 1.069464827050058
32.001715082246783 51.170082183988086 98.182938981825316 0.926250845817322
38.346389417189798 49.616410742096356 47.837030703998806 1.082664855334010
58.831711355360575 51.725776136905793 49.739136549866267 0.981014974630151
83.104845523619048 51.841411268016358 63.947251639872363 1.000000000000000
62.898184359114872 54.837142633962912 36.858460612961750 1.000000000000000
87.265065544739528 52.988567348768171 13.690027168559894 1.000000000000000
27.354203481563577 49.174484314302383 82.211773319424552 0.969226936141999
79.804683391256376 49.464731886542232 18.984791190275796 0.966533408587011
18.563594430595220 52.458913608513534 51.131898254645606 0.925727433256984
95.279165697194458 51.465214245085846 22.431702897473926 0.894736174020638
