0.000029215126978 1
0.000013757504059 2
0.000043909840622 1
0.000016088432828 1
0.000234474903364 4
0.000092846023552 3
0.000008094098882 1
0.000142770078315 3
0.000008094098882 1
0.000008094098882 1
0.000047243707967 1
0.000016281304371 1
0.000017047518840 1
0.000017809391099 1
0.000008094098882 1
0.000047517191577 2
0.000067885649734 2
0.000053311127560 1
0.000110602035611 2
0.000025670628079 1
0.000267121463135 4
0.000079753382438 3
0.000111601485402 3
0.000117297893610 2
0.000026871175577 1
0.000043856999315 1
0.000088487361897 2
0.000044808590987 2
0.000013869977250 2
0.000054603205215 3
0.000042626453296 1
0.000189116202580 3
0.000093686161404 3
0.000016652362499 1
0.000071214692149 2
0.000008094098882 1
0.000013869977250 2
0.000008094098882 1
0.000071001009975 3
0.000080630713003 4
0.000071063643810 2
0.000064722034052 3
0.000034276272258 2
0.000067578982436 2
0.000254315697566 3
0.000101581747445 2
0.000116951102689 4
0.000169746166332 3
0.000013757504059 2
0.000029037279943 1
0.000039323990572 2
0.000268750103853 3
0.000101579938766 4
0.000008094098882 1
0.000047849396912 2
0.000127000856157 3
0.000147154907656 3
0.000166982834045 3
0.000084697907309 2
0.000051656376721 1
0.000008094098882 1
0.000008094098882 1
0.000008094098882 1
0.000008094098882 1
0.000008094098882 1
0.000008094098882 1
0.000008094098882 1
0.000008094098882 1
0.000008094098882 1
0.000008094098882 1
0.000008094098882 1
0.000008094098882 1
0.000008094098882 1
0.000008094098882 1
0.000008094098882 1
0.000008094098882 1
0.000008094098882 1
0.000008094098882 1
0.000008094098882 1
0.000008094098882 1
0.000008094098882 1
0.000008094098882 1
0.000008094098882 1
0.000008094098882 1
0.000008094098882 1
0.000008094098882 1
0.000008094098882 1
0.000008094098882 1
0.000008094098882 1
0.000008094098882 1
