0.000022103304989 39
0.000021425617662 38
0.000022655166184 39
0.000022309196169 39
0.000022660278333 39
0.000022537550973 39
0.000021285432481 37
0.000022644831007 39
0.000021211631338 38
0.000022020584434 39
0.000022714144691 39
0.000021652389766 38
0.000022443126115 39
0.000021947678230 38
0.000021686315144 39
0.000021912115735 38
0.000021857311884 38
0.000022219976006 38
0.000022778776761 39
0.000022352281286 38
0.000022257911722 38
0.000021881742795 38
0.000021846640740 38
0.000022745276886 39
0.000021891138803 38
0.000022161460499 38
0.000022279377805 38
0.000022310954558 38
0.000021702412460 39
0.000021921626357 38
0.000016867026630 45
0.000017330753042 47
0.000016251631920 46
0.000014541210853 41
0.000014524387596 41
0.000015773907260 48
0.000010250624639 40
0.000013186374353 46
0.000016785950317 45
0.000017029102307 45
0.000016724376979 46
0.000016819377949 47
0.000014061292433 41
0.000017074059116 46
0.000016714848624 43
0.000017836558109 46
0.000014939761000 43
0.000017655452163 47
0.000014231844549 48
0.000015585415579 45
0.000015748769462 42
0.000016445592894 43
0.000015088102018 44
0.000013666389986 47
0.000016877049346 46
0.000014502561943 43
0.000016886578663 49
0.000017498451922 45
0.000015895076970 43
0.000016924054482 45
0.000021698238734 37
0.000021358714225 39
0.000021780358026 38
0.000021448634019 37
0.000021721989360 37
0.000021732246610 37
0.000021205931805 37
0.000021704210359 37
0.000021590916586 37
0.000021839263762 38
0.000021663284702 37
0.000021790832843 38
0.000021382749555 37
0.000021785508918 37
0.000021672378697 37
0.000021835796618 37
0.000021714007875 37
0.000021818390667 38
0.000021539331048 38
0.000021544022867 38
0.000021845183787 38
0.000021669026532 38
0.000021545175672 37
0.000021711783335 38
0.000021785700668 37
0.000021614199059 37
0.000021604548483 38
0.000021836232580 38
0.000021612159589 38
0.000021838845597 37
0.000014856455695 45
0.000020233155327 47
0.000019117134729 47
0.000018136516410 48
0.000019357071811 46
0.000019249971587 49
0.000019619068018 46
0.000017539245442 43
0.000019947082951 45
0.000020179721593 47
0.000018492793277 45
0.000020149747930 46
0.000019064791036 47
0.000019979818592 49
0.000019927255651 47
0.000020481403387 47
0.000020535276757 48
0.000020225783885 48
0.000020086994343 47
0.000017689448088 47
0.000019412007056 48
0.000016896467887 46
0.000019268027392 46
0.000018910409469 46
0.000019828822680 47
0.000020445502382 47
0.000020267453332 47
0.000018595752148 45
0.000019326249308 47
0.000020202130618 48
0.000000106600853 17
0.000000109778840 15
0.000000085124118 13
0.000000127199059 17
0.000000023972232 6
0.000000170738910 21
0.000000059090254 11
0.000000103154706 16
0.000000176445926 26
0.000000158024460 22
0.000000242129544 30
0.000000142860403 17
0.000000099882660 14
0.000000140352005 19
0.000000132559928 20
0.000000147713931 18
0.000000131908294 19
0.000000077728870 13
0.000000149400801 14
0.000000083776330 12
0.000000156448156 15
0.000004917085449 18
0.000000133847479 22
0.000000051849960 9
0.000000150020231 19
0.000000034592623 9
0.000000217273284 28
0.000000155465438 15
0.000000118253940 16
0.000000119634236 20
0.000000117379571 15
0.000000101670564 14
0.000000119029755 18
0.000000014401302 4
0.000000077750277 15
0.000000075608285 13
0.000000096380467 10
0.000000045098734 10
0.000000079569281 14
0.000000029576554 6
0.000000119558976 16
0.000000150506031 18
0.000000151157343 23
0.000000082759241 12
0.000000145135294 22
0.000000122590484 16
0.000000181142915 29
0.000000079514612 7
0.000000185698734 18
0.000000154626436 19
0.000000090717551 16
0.000000098677158 14
0.000000099950141 17
0.000000163023098 7
0.000000147402348 23
0.000000076318329 12
0.000000129941797 20
0.000000075003031 11
0.000000143345761 21
0.000000386627153 11
