0.000002303088772 2
0.000003984879344 3
0.000000665562334 1
0.000005580607955 4
0.000001465157529 3
0.000000719045530 1
0.000000863683307 2
0.000006414371021 6
0.000000322498142 1
0.000001914089974 2
0.000001631553064 2
0.000004560267449 3
0.000004709552869 4
0.000002020758237 3
0.000001370053695 1
0.000000322498142 1
0.000002257173371 2
0.000004922914483 4
0.000003396871176 5
0.000004624464265 4
0.000002353504288 3
0.000002750735959 4
0.000001332925394 2
0.000002238149559 4
0.000000322498142 1
0.000001055952486 2
0.000001136193332 1
0.000001262622853 1
0.000004644277098 4
0.000002215421951 3
0.000007313167681 8
0.000003796114723 2
0.000000583791925 2
0.000001771838433 3
0.000001801251803 2
0.000001568807027 2
0.000007904937850 5
0.000007266870822 7
0.000004851511853 4
0.000001079413337 3
0.000004200087090 2
0.000016762619107 9
0.000012774627506 8
0.000004277767017 4
0.000002005739907 3
0.000001715270098 4
0.000001150702610 2
0.000000896797451 2
0.000000594446111 2
0.000001445787257 2
0.000002790740482 3
0.000000563506033 2
0.000005933010701 6
0.000001003627137 2
0.000002385769453 3
0.000001101893019 3
0.000003317839532 3
0.000001370360049 1
0.000006117889056 6
0.000011170290617 6
0.000000616952553 2
0.000004718358812 2
0.000001073413822 3
0.000004024310181 6
0.000001765899160 2
0.000001549697956 2
0.000000562391938 2
0.000001809019368 3
0.000001753614803 5
0.000000683534811 1
0.000001445515490 2
0.000000503281878 2
0.000001093138196 2
0.000000873569749 2
0.000001778833005 2
0.000001260591519 2
0.000000633749231 1
0.000000531327806 2
0.000001678040334 4
0.000002816550652 3
0.000003209901176 4
0.000002498723642 4
0.000007351808645 6
0.000000322498142 1
0.000002050298984 3
0.000003263733041 3
0.000000809256777 1
0.000003738000580 4
0.000009388820024 8
0.000002997648051 3
