0.000000000000000 0
0.000000000000000 0
0.000000330692790 1
0.000000462130296 1
0.000000906226267 2
0.000000000000000 0
0.000000000000000 0
0.000000000000000 0
0.000000000000000 0
0.000000000000000 0
0.000000788954109 2
0.000000000000000 0
0.000000000000000 0
0.000000000000000 0
0.000000000000000 0
0.000000000000000 0
0.000000000000000 0
0.000000523664651 1
0.000000309854501 1
0.000000000000000 0
0.000000477433156 1
0.000000000000000 0
0.000000000000000 0
0.000000000000000 0
0.000000000000000 0
0.000000000000000 0
0.000000651261209 1
0.000000000000000 0
0.000000000000000 0
0.000000000000000 0
0.000004905304458 8
0.000016292449722 25
0.000000000000000 0
0.000000000000000 0
0.000000000000000 0
0.000001131826453 2
0.000000000000000 0
0.000000000000000 0
0.000000000000000 0
0.000000549109345 1
0.000000000000000 0
0.000000000000000 0
0.000000000000000 0
0.000000000000000 0
0.000000000000000 0
0.000000000000000 0
0.000000510351998 1
0.000000000000000 0
0.000000000000000 0
0.000000728345099 1
0.000000407665364 1
0.000000000000000 0
0.000000000000000 0
0.000000000000000 0
0.000000000000000 0
0.000000000000000 0
0.000000000000000 0
0.000000000000000 0
0.000000591900446 1
0.000000000000000 0
0.000000000000000 0
0.000000000000000 0
0.000000291623351 1
0.000000000000000 0
0.000000346605284 1
0.000000000000000 0
0.000000000000000 0
0.000002941661464 7
0.000002726496775 6
0.000000000000000 0
0.000000000000000 0
0.000000000000000 0
0.000000000000000 0
0.000000000000000 0
0.000000000000000 0
0.000000659115625 1
0.000000000000000 0
0.000000000000000 0
0.000000000000000 0
0.000000000000000 0
0.000000000000000 0
0.000000000000000 0
0.000000000000000 0
0.000000000000000 0
0.000000000000000 0
0.000000435975247 1
0.000000442778356 1
0.000001023047228 2
0.000000000000000 0
0.000000322405515 1
0.000000000000000 0
0.000000000000000 0
0.000002081137606 5
0.000003508230609 8
0.000000000000000 0
0.000000000000000 0
0.000000000000000 0
0.000000000000000 0
0.000000000000000 0
0.000000000000000 0
0.000000000000000 0
0.000000000000000 0
0.000000000000000 0
0.000000459057915 1
0.000000000000000 0
0.000000000000000 0
0.000000000000000 0
0.000000506835776 1
0.000000000000000 0
0.000000000000000 0
0.000000000000000 0
0.000000000000000 0
0.000000000000000 0
0.000000000000000 0
0.000000000000000 0
0.000000000000000 0
0.000000000000000 0
0.000000331346065 1
0.000000000000000 0
0.000000000000000 0
0.000000000000000 0
0.000000000000000 0
0.000000000000000 0
0.000000000000000 0
0.000000000000000 0
