0.000000000000000 90
0.000000000000044 90
0.000003396243510 90
0.000000000000000 90
0.000000000000000 90
0.000000000000000 90
0.000000000000519 90
0.000010776032707 90
0.000000000000000 90
0.000000000000000 90
0.000000000000000 90
0.000000000000018 90
0.000002971340007 90
0.000000000000026 90
0.000000000000000 90
0.000000000000000 90
0.000000000000003 90
0.000002798771177 90
0.000000000000013 90
0.000000000000000 90
0.000000000000000 90
0.000000000000080 90
0.000002518791783 90
0.000000000000000 90
0.000000000000000 90
0.000000000000000 90
0.000000000000000 90
0.000002582290856 90
0.000000000000281 90
0.000000000000000 90
0.000000000000000 90
0.000000000000003 90
0.000000314442559 90
0.000000000000000 90
0.000000000000000 90
0.000000000006066 90
0.000000000013685 90
0.000005815968439 90
0.000000000008992 90
0.000000000037247 90
0.000000000000000 90
0.000000000000079 90
0.000008766233838 90
0.000000000000329 90
0.000000000000000 90
0.000000000000000 90
0.000000000000000 90
0.000000634502448 90
0.000000000000003 90
0.000000000000000 90
0.000000000000000 90
0.000000000000000 90
0.000001573555672 90
0.000000000000039 90
0.000000000000000 90
0.000000000000212 90
0.000000000000697 90
0.000000053122544 90
0.000000000001032 90
0.000000000000291 90
0.000034240543318 90
0.000033353299955 90
0.000031084592080 90
0.000027549237547 90
0.000062139979086 90
0.000000000000887 90
0.000000000006270 90
0.000001462719310 90
0.000000000002820 90
0.000000000001782 90
0.000000000000000 90
0.000000000000000 90
0.000001040097909 90
0.000000000001873 90
0.000000000000000 90
0.000000000000000 90
0.000000000000000 90
0.000000000097861 90
0.000000000000000 90
0.000000000000000 90
0.000000000000000 90
0.000000000000000 90
0.000000001560516 90
0.000000000000000 90
0.000000000000000 90
0.000000000000208 90
0.000000000000156 90
0.000001402809390 90
0.000000000000120 90
0.000000000000186 90
0.000000000000000 90
0.000000000000000 90
0.000000933152932 90
0.000000000000033 90
0.000000000000000 90
0.000000000000000 90
0.000000000000000 90
0.000001225215496 90
0.000000000001987 90
0.000000000000000 90
0.000000000000000 90
0.000000000000000 90
0.000000000000000 90
0.000000000000000 90
0.000000000000000 90
0.000000000000000 90
0.000000000000000 90
0.000000000000000 90
0.000000000000000 90
0.000000000000000 90
0.000000000000000 90
0.000000000000000 90
0.000000005077898 90
0.000000000000006 90
0.000000000000000 90
0.000000000000000 90
0.000000000000000 90
0.000000684820866 90
0.000000000000252 90
0.000000000000000 90
0.000000000000000 90
0.000000000000001 90
0.000009024835858 90
0.000000000000044 90
0.000000000000000 90
