0.000005423238584 31
0.000005373899598 31
0.000005470441115 31
0.000005551372577 32
0.000005572267161 32
0.000005463977454 31
0.000005371410164 31
0.000005472473939 31
0.000005361659172 31
0.000005527792125 32
0.000005476321363 31
0.000005512458319 32
0.000005456196085 31
0.000005423318783 31
0.000005484113433 32
0.000005534366092 32
0.000005519971882 32
0.000005455397794 31
0.000005583569511 32
0.000005466740383 31
0.000005456556919 31
0.000005530128296 32
0.000005522374317 32
0.000005580730667 32
0.000005523147001 32
0.000005546069658 32
0.000005462993658 31
0.000005447977980 31
0.000005391096546 31
0.000005538417303 32
0.000005043641921 30
0.000005097450006 30
0.000004973042951 30
0.000004837576560 30
0.000004827409752 30
0.000004917689329 30
0.000004579261004 30
0.000004756314596 30
0.000005034922729 30
0.000005062972366 30
0.000005025571774 30
0.000005037437800 30
0.000004876982910 30
0.000005066479708 30
0.000005059445366 30
0.000005155577117 30
0.000004882621662 30
0.000005133547182 30
0.000004770706599 30
0.000004934908387 30
0.000004953405065 30
0.000005025126806 30
0.000004908543761 30
0.000004770810134 30
0.000005044124852 30
0.000004872519861 30
0.000005045953004 30
0.000005116734614 30
0.000004961712002 30
0.000005047338898 30
0.000005350407396 30
0.000005317116390 30
0.000005357988567 30
0.000005326640356 30
0.000005352687298 30
0.000005353675512 30
0.000005303498123 30
0.000005350995256 30
0.000005340193864 30
0.000005363640352 30
0.000005347139785 30
0.000005359018074 30
0.000005320245559 30
0.000005358771772 30
0.000005347954125 30
0.000005363591355 30
0.000005351919422 30
0.000005361646600 30
0.000005334919885 30
0.000005335315132 30
0.000005364206750 30
0.000005346774400 30
0.000005335882216 30
0.000005351410550 30
0.000005358796503 30
0.000005342445035 30
0.000005341156078 30
0.000005363356395 30
0.000005341838709 30
0.000005363881372 30
0.000004922742010 31
0.000005357994307 31
0.000005246517069 31
0.000005240911940 32
0.000005361917953 32
0.000005145895157 30
0.000005288814510 31
0.000005252078056 32
0.000005326023324 31
0.000005345198704 31
0.000005324373231 32
0.000005347571503 31
0.000005126107205 30
0.000005214206010 30
0.000005314397336 31
0.000005382191465 31
0.000005374231595 31
0.000005440068041 32
0.000005329247636 31
0.000005203692611 32
0.000005161901256 30
0.000004950907033 30
0.000005364687613 32
0.000005220720553 31
0.000005306540764 31
0.000005368513376 31
0.000005352757894 31
0.000005342718645 32
0.000005257926406 31
0.000005236344528 30
0.000000179499660 1
0.000000415999073 3
0.000000297636441 2
0.000000348024578 2
0.000000179499660 1
0.000000683594378 5
0.000000179499660 1
0.000000291906265 2
0.000000445065723 3
0.000000514113892 4
0.000000296740460 2
0.000000428612854 3
0.000000386348404 3
0.000000348024578 2
0.000000283914400 2
0.000000291540889 2
0.000000417408398 3
0.000000297345744 2
0.000000628317184 4
0.000000422747198 3
0.000000611457793 4
0.000004486449550 31
0.000000283914400 2
0.000000179499660 1
0.000000179499660 1
0.000000179499660 1
0.000000301947723 2
0.000000580944274 4
0.000000391933138 3
0.000000298088063 2
0.000000179499660 1
0.000000179499660 1
0.000000179499660 1
0.000000179499660 1
0.000000179499660 1
0.000000179499660 1
0.000000978872053 8
0.000000179499660 1
0.000000179499660 1
0.000000179499660 1
0.000000422540708 3
0.000000415478859 3
0.000000179499660 1
0.000000316290703 2
0.000000179499660 1
0.000000179499660 1
0.000000435432077 3
0.000000316610731 2
0.000000632112542 4
0.000000569846396 4
0.000000179499660 1
0.000000416596939 3
0.000000492287400 4
0.000001669986938 15
0.000000298088063 2
0.000000179499660 1
0.000000179499660 1
0.000000179499660 1
0.000000297345744 2
0.000002941399527 24
