0.000002977699187 4
0.000002508403873 4
0.000001478703466 2
0.000003850220140 5
0.000001461534381 2
0.000001556895730 2
0.000000912235029 1
0.000003107519370 4
0.000000912235029 1
0.000002091413529 3
0.000001618814871 2
0.000002421573984 3
0.000001616883214 2
0.000000912235029 1
0.000002392839995 3
0.000000912235029 1
0.000002243647963 3
0.000002677601199 4
0.000001798225908 2
0.000002362574879 3
0.000002704072091 4
0.000000912235029 1
0.000001504993721 2
0.000001798225908 2
0.000000912235029 1
0.000001478703466 2
0.000002112143516 3
0.000002266058047 3
0.000003221615335 4
0.000002047954189 3
0.000002889975245 4
0.000003705082670 5
0.000000912235029 1
0.000001766917492 2
0.000001682874527 2
0.000001766917492 2
0.000003698871721 5
0.000002909718909 4
0.000002858047145 4
0.000000912235029 1
0.000003688944125 5
0.000004784587995 6
0.000005299463355 7
0.000003806017674 5
0.000002441350318 3
0.000001440934598 2
0.000001724486250 2
0.000001440934598 2
0.000000912235029 1
0.000000912235029 1
0.000001492564310 2
0.000000912235029 1
0.000002870915574 4
0.000001580945465 2
0.000002263203807 3
0.000000912235029 1
0.000002365267515 3
0.000002393196685 3
0.000002830052534 4
0.000004573653757 6
0.000000912235029 1
0.000003771647463 6
0.000000912235029 1
0.000001756817038 2
0.000001810725385 2
0.000001710691861 2
0.000000912235029 1
0.000001505205136 2
0.000001495165668 2
0.000001505205136 2
0.000001710691861 2
0.000000912235029 1
0.000001431199679 2
0.000000912235029 1
0.000001651808408 2
0.000001684532897 2
0.000001431199679 2
0.000000912235029 1
0.000001495165668 2
0.000002248932142 3
0.000001810725385 2
0.000002307420625 3
0.000003079602417 4
0.000000912235029 1
0.000001441030193 2
0.000002671020340 4
0.000001684532897 2
0.000002412049338 3
0.000003575981956 5
0.000002216510039 3
