0.000010175883043 3
0.000004509855511 1
0.000007283448797 2
0.000007170776970 2
0.000004509855511 1
0.000016218789426 2
0.000004509855511 1
0.000014498573437 2
0.000004509855511 1
0.000007164662201 2
0.000020784959741 2
0.000007525755086 2
0.000017722668711 2
0.000004509855511 1
0.000004509855511 1
0.000007296490422 2
0.000024182734251 2
0.000004509855511 1
0.000020784959741 2
0.000004509855511 1
0.000004509855511 1
0.000022512778905 2
0.000018436770940 2
0.000022512778905 2
0.000007296490422 2
0.000007869938427 2
0.000004509855511 1
0.000014498573437 2
0.000007159983467 2
0.000004509855511 1
0.000004509855511 1
0.000004509855511 1
0.000018436770940 2
0.000020704589730 3
0.000024182734251 2
0.000007170776970 2
0.000004509855511 1
0.000007283448797 2
0.000004509855511 1
0.000016218789426 2
0.000007164662201 2
0.000004509855511 1
0.000004509855511 1
0.000004509855511 1
0.000007869938427 2
0.000155110425396 4
0.000111806250981 5
0.000059605858049 3
0.000145921976606 4
0.000063386553531 4
0.000060761580382 2
0.000062563751505 2
0.000084394181841 4
0.000015210192933 1
0.000080971137786 3
0.000004509855511 1
0.000051114652389 2
0.000049453456022 3
0.000023557720604 2
0.000100149189796 6
0.000054544860308 3
0.000132427860094 4
0.000032503475848 2
0.000050691866550 3
0.000047000336041 3
0.000055374877610 3
0.000022726399123 1
0.000055096354949 2
0.000016255022979 1
0.000047024123896 3
0.000053210939295 3
0.000092258781439 3
0.000009057329989 1
0.000096112075917 3
0.000110965712665 3
0.000051972834781 2
0.000028432919426 2
0.000045276666698 3
0.000125890324620 4
0.000004509855511 1
0.000050963499116 3
0.000024767483899 2
0.000063302078940 3
0.000008994856932 1
0.000019592688618 2
0.000049184120773 3
0.000047712005857 3
0.000094181106349 3
0.000083301602387 3
0.000008984025911 1
