0.000008472400513 2
0.000007596522789 2
0.000004509855511 1
0.000011694850871 3
0.000007663816858 2
0.000009582973244 1
0.000011118416712 3
0.000008856397187 1
0.000004509855511 1
0.000004509855511 1
0.000011272652126 1
0.000004509855511 1
0.000017548527025 2
0.000008316017928 2
0.000004509855511 1
0.000004509855511 1
0.000012360687985 1
0.000011805715425 2
0.000015401315385 2
0.000004509855511 1
0.000004509855511 1
0.000011840985906 1
0.000013170259416 2
0.000019345730463 2
0.000004509855511 1
0.000004509855511 1
0.000004509855511 1
0.000018504158744 2
0.000008026361440 2
0.000004509855511 1
0.000007944015534 2
0.000004509855511 1
0.000010441900117 1
0.000021240029963 3
0.000015057217046 2
0.000008141176948 2
0.000008164522370 2
0.000004509855511 1
0.000004509855511 1
0.000009582973244 1
0.000008256221352 2
0.000007139951524 2
0.000019811716920 4
0.000004509855511 1
0.000012471710765 2
0.000091894120801 3
0.000082343591770 4
0.000027677926956 1
0.000098426263631 3
0.000088505698082 6
0.000034015385949 1
0.000047201572890 2
0.000070959481198 4
0.000034249329310 3
0.000088002297702 3
0.000008590536806 2
0.000025280148333 1
0.000064533836034 4
0.000031561231272 3
0.000031175764178 1
0.000141803618570 8
0.000109489927001 4
0.000062807117218 5
0.000061059679679 5
0.000042856500253 3
0.000064348559056 4
0.000045683041491 2
0.000064725592740 3
0.000062095978485 3
0.000098718512904 6
0.000027361314940 3
0.000060701536385 3
0.000009057329989 1
0.000054168630747 2
0.000046952386132 1
0.000061477781286 2
0.000041131793821 2
0.000038341824030 2
0.000108851289862 5
0.000004509855511 1
0.000039737768983 2
0.000032453670589 2
0.000053753562291 3
0.000029581883481 3
0.000009810056559 1
0.000024029163793 1
0.000106047585728 5
0.000127706510895 6
0.000054089135231 2
0.000008984025911 1
