0.000046723496879 3
0.000019856795222 1
0.000061306246508 4
0.000031391060000 2
0.000096746125516 6
0.000062030415069 4
0.000019856795222 1
0.000079880228635 5
0.000019856795222 1
0.000019856795222 1
0.000064371377700 4
0.000031641443169 2
0.000032626533949 2
0.000033591510581 2
0.000019856795222 1
0.000037529453530 2
0.000060216708920 4
0.000069771072481 5
0.000063276309744 4
0.000042863518367 3
0.000097585725469 6
0.000062014057404 4
0.000078573594869 5
0.000088625598216 6
0.000044189721490 3
0.000061257052489 4
0.000077276926039 5
0.000036719562782 2
0.000019856795222 1
0.000048711502560 3
0.000060105786717 4
0.000083338268938 5
0.000063399387532 4
0.000032120383670 2
0.000050510956256 3
0.000019856795222 1
0.000019856795222 1
0.000019856795222 1
0.000039108666315 2
0.000062471489190 4
0.000061636370158 4
0.000059656484644 4
0.000045842125538 3
0.000048821379546 3
0.000095846900798 6
0.000100050154654 7
0.000077070197818 5
0.000101187187823 7
0.000019856795222 1
0.000046533684502 3
0.000045779791374 3
0.000118166836999 8
0.000061825728679 4
0.000019856795222 1
0.000048204748523 3
0.000066584112942 4
0.000080139659417 5
0.000092706339874 6
0.000075272889110 5
0.000068319725654 5
0.000019856795222 1
0.000019856795222 1
0.000019856795222 1
0.000019856795222 1
0.000019856795222 1
0.000019856795222 1
0.000019856795222 1
0.000019856795222 1
0.000019856795222 1
0.000019856795222 1
0.000019856795222 1
0.000019856795222 1
0.000019856795222 1
0.000019856795222 1
0.000019856795222 1
0.000019856795222 1
0.000019856795222 1
0.000019856795222 1
0.000019856795222 1
0.000019856795222 1
0.000019856795222 1
0.000019856795222 1
0.000019856795222 1
0.000019856795222 1
0.000019856795222 1
0.000019856795222 1
0.000019856795222 1
0.000019856795222 1
0.000019856795222 1
0.000019856795222 1
