0.000011400229239 2
0.000009927320058 2
0.000006160303669 1
0.000015395583602 3
0.000010040484315 2
0.000010181862303 1
0.000011116532333 2
0.000009660473776 1
0.000006160303669 1
0.000006160303669 1
0.000011346043361 1
0.000006160303669 1
0.000018196829376 2
0.000011137250356 2
0.000006160303669 1
0.000006160303669 1
0.000012064855691 1
0.000013413868513 2
0.000016865319691 2
0.000006160303669 1
0.000006160303669 1
0.000011724264615 1
0.000010781521637 1
0.000019822427976 2
0.000006160303669 1
0.000006160303669 1
0.000006160303669 1
0.000019227427987 2
0.000010650153027 2
0.000006160303669 1
0.000010511677030 2
0.000006160303669 1
0.000010781521637 1
0.000022580554366 3
0.000012064855691 1
0.000010843231137 2
0.000010882489685 2
0.000006160303669 1
0.000006160303669 1
0.000010181862303 1
0.000011036694168 2
0.000006160303669 1
0.000019348529249 3
0.000006160303669 1
0.000014068958211 2
0.000062483163581 3
0.000056833103282 3
0.000020649810710 1
0.000076666860068 4
0.000090210327456 7
0.000070377630359 4
0.000049928036881 3
0.000071437753555 5
0.000031405125899 3
0.000076706808114 4
0.000011598891708 2
0.000046954829806 3
0.000064084763565 5
0.000044626482180 4
0.000022354850724 1
0.000113199003267 8
0.000092755009579 5
0.000056091001017 5
0.000053240380953 5
0.000036389604579 3
0.000052804678498 4
0.000053662260003 3
0.000060540331977 4
0.000049985497203 3
0.000096252794741 7
0.000026342399409 3
0.000047012250593 3
0.000009806043820 1
0.000051122555922 3
0.000029371907228 1
0.000059648490152 3
0.000033122322599 2
0.000031082272563 2
0.000080861362569 5
0.000006160303669 1
0.000032573022373 2
0.000028021901948 2
0.000038632877253 2
0.000028714982349 3
0.000010342083581 1
0.000047663834766 3
0.000099958932541 6
0.000096083902308 6
0.000058282411383 4
0.000009753063076 1
