0.000000000000000 84
0.000000004889642 86
0.000000000002620 87
0.000000010581683 85
0.000000233671015 83
0.000000000000000 88
0.000000004098932 89
0.000000000000000 89
0.000000004470952 89
0.000000000078327 89
0.000000000000167 89
0.000000004813021 89
0.000000028513247 90
0.000000000000000 90
0.000000000000000 89
0.000000000000000 89
0.000000009373343 90
0.000000000036524 90
0.000000000000000 89
0.000000000000000 87
0.000000000000000 86
0.000000000000000 88
0.000000000094328 87
0.000000000000000 87
0.000000000000000 85
0.000000000000001 86
0.000000000000384 89
0.000000000000000 90
0.000000000000084 89
0.000000000000000 88
0.000000000000000 89
0.000000000000411 90
0.000000000010735 90
0.000000000000000 90
0.000000000000000 90
0.000012380146346 90
0.000000000000055 90
0.000002005186582 90
0.000000000024777 90
0.000000100979425 90
0.000000000000138 90
0.000000000000000 90
0.000000000000251 90
0.000000000002023 90
0.000000000000822 89
0.000000000252572 89
0.000000660069656 90
0.000000000001386 90
0.000000000165308 89
0.000014441568979 87
0.000000000002321 88
0.000000000883896 90
0.000000069907683 90
0.000000000000515 90
0.000000000000000 88
0.000000000000000 90
0.000000076224877 90
0.000000702215553 90
0.000000000000012 90
0.000000000000000 90
0.000000000000000 90
0.000002172795983 90
0.000101097089891 90
0.000000000666376 90
0.000000000533394 90
0.000000000000000 90
0.000000000001078 90
0.000000002534159 90
0.000000000000002 90
0.000000000000000 90
0.000000000000000 89
0.000000000000000 90
0.000000000000000 90
0.000000000000000 90
0.000000000000000 89
0.000004112071197 87
0.000000000282668 89
0.000000000000929 90
0.000000000000000 90
0.000000000000000 89
0.000000000007829 89
0.000000000266986 90
0.000000000000900 90
0.000000000000000 90
0.000000000000000 90
0.000000000000000 90
0.000000026558613 90
0.000000001538133 90
0.000000000000000 90
0.000000000000000 90
0.000000000000021 89
0.000000496359815 90
0.000000000000051 90
0.000000000030534 90
0.000002660650463 90
0.000000000000003 87
0.000000776067180 89
0.000000009420006 89
0.000000002068206 90
0.000000000000000 87
0.000000000000001 85
0.000000000000001 87
0.000000000372798 87
0.000000000000000 86
0.000000000000000 84
0.000000000000000 88
0.000000000000059 89
0.000000020407862 90
0.000000000000000 90
0.000000000000000 88
0.000000000000000 88
0.000000000000000 89
0.000000000000000 90
0.000000000000000 90
0.000000000000000 90
0.000000000000000 87
0.000000000000003 89
0.000000000000000 89
0.000000000000000 90
0.000000005784250 89
0.000000000000000 86
0.000000054319916 86
0.000000000000002 86
0.000000000000000 86
0.000000022728081 81
