0.000001488770669 1
0.000003380699331 3
0.000000739312539 1
0.000005504340110 5
0.000001570133218 3
0.000000778406599 1
0.000001051091950 2
0.000005224259536 5
0.000000456093336 1
0.000001805992723 2
0.000002422154942 3
0.000003675658971 3
0.000004701877152 5
0.000002166321423 3
0.000001196356575 1
0.000000456093336 1
0.000002068939578 2
0.000004187774602 4
0.000004657026414 6
0.000004135854537 4
0.000001726078796 2
0.000002242985856 3
0.000001378665629 2
0.000004552615165 6
0.000000456093336 1
0.000001150778929 2
0.000001056015775 1
0.000001132968961 1
0.000004042905423 4
0.000002259695098 3
0.000006266593834 7
0.000003962436921 3
0.000001626788404 3
0.000001872347113 3
0.000001749772742 2
0.000001592336969 2
0.000008540641884 6
0.000006398721790 7
0.000004222466580 4
0.000001094497911 2
0.000003111125373 2
0.000011999991443 9
0.000010003196637 8
0.000006292133843 6
0.000003208725628 4
0.000002041006169 4
0.000001300448839 2
0.000001059048728 2
0.000000822112523 2
0.000001450259464 2
0.000002653771545 3
0.000000766981136 2
0.000005228167364 6
0.000001149159581 2
0.000001913010355 2
0.000001336725575 3
0.000002881655317 3
0.000001196534910 1
0.000005324494742 6
0.000009292820950 6
0.000000862216214 2
0.000003390597429 2
0.000001339441953 3
0.000003948362851 6
0.000001772539117 2
0.000001598054179 2
0.000000764995956 2
0.000001913467041 3
0.000001565998353 3
0.000000752562672 1
0.000001488123744 2
0.000000456093336 1
0.000002120967992 3
0.000001018996779 2
0.000001739850432 2
0.000001322201282 2
0.000000715561905 1
0.000000709643521 2
0.000001667630197 3
0.000002610198351 3
0.000003270293436 4
0.000002240596982 3
0.000005472137919 5
0.000000456093336 1
0.000002021279727 3
0.000002864686178 3
0.000000842221800 1
0.000003449639878 4
0.000008667893963 8
0.000002788177147 3
