0.000000594628081 180
0.000000294789135 180
0.000000018440860 180
0.000000096075892 180
0.000000130815496 180
0.000003951368573 180
0.000001614863011 180
0.000000126731707 180
0.000000301029061 180
0.000000102945510 180
0.000000463764363 180
0.000000505241172 180
0.000000192026207 180
0.000000152475871 180
0.000000095313395 180
0.000000108865593 180
0.000000359112804 180
0.000000262895910 180
0.000000722760771 180
0.000000230341812 180
0.000000140483075 180
0.000000326116084 180
0.000000319762836 180
0.000001324439347 180
0.000000304960807 180
0.000000423582311 180
0.000000212198154 180
0.000000372964862 180
0.000000189679461 180
0.000000083248605 180
0.000002802917640 180
0.000001206800124 180
0.000000407319363 180
0.000000304751821 180
0.000000208274790 180
0.000000444316142 180
0.000000659943269 180
0.000000612666973 180
0.000000422096398 180
0.000000431497135 180
0.000000303140889 180
0.000000406996181 180
0.000000364033736 180
0.000002398221145 180
0.000000950059206 180
0.000000126650364 180
0.000000303411095 180
0.000000398055942 180
0.000004356250777 180
0.000001135019314 180
0.000000064369248 180
0.000000092751060 180
0.000000420828570 180
0.000000173364210 180
0.000000065042388 180
0.000000140291162 180
0.000000782428163 180
0.000000937070757 180
0.000000220532101 180
0.000000162912937 180
0.000000145586756 180
0.000000738137396 180
0.000000679323188 180
0.000000479939122 180
0.000000399584558 180
0.000000213175425 180
0.000000263598845 180
0.000000124544407 180
0.000000337757561 180
0.000000462549752 180
0.000000033725364 180
0.000000209549324 180
0.000000048181802 180
0.000000281935029 180
0.000000185408153 180
0.000000003971246 180
0.000000083724436 180
0.000000099472594 180
0.000000185133774 180
0.000000059558754 180
0.000000106857944 180
0.000002737192996 180
0.000002747392350 180
0.000000223157421 180
0.000000051786301 180
0.000001150768240 180
0.000005119094561 180
0.000002063792113 180
0.000000541509226 180
0.000000236618079 180
0.000000852603614 180
0.000002817655003 180
0.000000565841084 180
0.000000400554997 180
0.000000168411206 180
0.000000086491026 180
0.000000147953799 180
0.000000065139906 180
0.000000068476056 180
0.000000029488227 180
0.000000003346722 180
0.000000009158693 180
0.000000007386260 180
0.000000010348926 180
0.000000003272651 180
0.000000154297845 180
0.000000349235165 180
0.000000241132390 180
0.000000034152837 180
0.000000004947982 180
0.000000577236415 180
0.000001537399384 180
0.000000458300368 180
0.000000325747826 180
0.000000125055500 180
0.000000389396689 180
0.000001004587510 180
0.000000372647291 180
0.000000454851893 180
0.000000353327241 180
0.000000191650598 180
0.000000154353162 180
0.000000156945741 180
0.000000191486727 180
0.000000078902962 180
