0.000000000000000 0
0.000000000000000 0
0.000000000000000 0
0.000000363972483 1
0.000000514879171 1
0.000000000000000 0
0.000000000000000 0
0.000000000000000 0
0.000000000000000 0
0.000000000000000 0
0.000000000000000 0
0.000000000000000 0
0.000000420717360 1
0.000000000000000 0
0.000000000000000 0
0.000000000000000 0
0.000000578963088 1
0.000000000000000 0
0.000000000000000 0
0.000000000000000 0
0.000000000000000 0
0.000000000000000 0
0.000000000000000 0
0.000000000000000 0
0.000000000000000 0
0.000000000000000 0
0.000000000000000 0
0.000000000000000 0
0.000000000000000 0
0.000000000000000 0
0.000002167160654 4
0.000020090121853 29
0.000000000000000 0
0.000000000000000 0
0.000000000000000 0
0.000001176041465 2
0.000000000000000 0
0.000000630270776 1
0.000000000000000 0
0.000000475233120 1
0.000000000000000 0
0.000000000000000 0
0.000000000000000 0
0.000000000000000 0
0.000000000000000 0
0.000000000000000 0
0.000000568051582 1
0.000000000000000 0
0.000000000000000 0
0.000000755422060 1
0.000000000000000 0
0.000000299258455 1
0.000000458747204 1
0.000000000000000 0
0.000000000000000 0
0.000000000000000 0
0.000000462577872 1
0.000000571308363 1
0.000000000000000 0
0.000000000000000 0
0.000000000000000 0
0.000000309600879 1
0.000000000000000 0
0.000000000000000 0
0.000000351974280 1
0.000000000000000 0
0.000000000000000 0
0.000001271592825 4
0.000000565478153 1
0.000000000000000 0
0.000000000000000 0
0.000000000000000 0
0.000000000000000 0
0.000000000000000 0
0.000000000000000 0
0.000000673568135 1
0.000000000000000 0
0.000000000000000 0
0.000000000000000 0
0.000000000000000 0
0.000000000000000 0
0.000000000000000 0
0.000000000000000 0
0.000000000000000 0
0.000000000000000 0
0.000000000000000 0
0.000000417830711 1
0.000000350528472 1
0.000000301861661 1
0.000000000000000 0
0.000000000000000 0
0.000000552715462 1
0.000003337327250 9
0.000004805992101 12
0.000000647026218 1
0.000000000000000 0
0.000001128529148 2
0.000000571078807 1
0.000000000000000 0
0.000000000000000 0
0.000000000000000 0
0.000000000000000 0
0.000000326956763 1
0.000000000000000 0
0.000000000000000 0
0.000000000000000 0
0.000000000000000 0
0.000000407295161 1
0.000000000000000 0
0.000000000000000 0
0.000000000000000 0
0.000000000000000 0
0.000000000000000 0
0.000000000000000 0
0.000000000000000 0
0.000000000000000 0
0.000000000000000 0
0.000000000000000 0
0.000000000000000 0
0.000000000000000 0
0.000000000000000 0
0.000000681604263 1
0.000000000000000 0
0.000000000000000 0
0.000000641894996 1
