0.000079589469916 3
0.000018572222318 2
0.000061345335271 2
0.000047759566326 2
0.000269500617775 5
0.000102777667491 3
0.000008094098882 1
0.000282370487810 7
0.000032990230622 3
0.000008094098882 1
0.000127635740734 3
0.000051436725295 2
0.000017047518840 1
0.000060203689072 2
0.000008094098882 1
0.000085773770330 3
0.000048184758963 2
0.000053311127560 1
0.000085412329578 3
0.000025670628079 1
0.000108077307549 2
0.000057510846590 2
0.000090673934802 2
0.000089482091273 2
0.000043890633879 2
0.000059191483960 2
0.000094497516860 2
0.000071720389982 3
0.000008094098882 1
0.000095846585507 5
0.000135424343810 4
0.000193447349258 4
0.000080143797877 2
0.000070339684854 4
0.000032838488253 1
0.000035144686485 2
0.000014429441726 2
0.000018043685919 2
0.000071085060822 3
0.000066941194855 2
0.000067383170343 2
0.000081963409170 3
0.000033733584439 2
0.000052696305934 2
0.000304851022263 5
0.000091544322834 1
0.000107745116373 3
0.000176396221190 3
0.000019252122271 3
0.000029037279943 1
0.000076062083916 3
0.000277921460606 3
0.000111527827626 4
0.000008094098882 1
0.000068467095296 2
0.000123323207299 3
0.000144229028360 3
0.000264074229521 5
0.000059739646457 1
0.000065994913338 2
0.000008094098882 1
0.000008094098882 1
0.000008094098882 1
0.000008094098882 1
0.000008094098882 1
0.000008094098882 1
0.000008094098882 1
0.000008094098882 1
0.000008094098882 1
0.000008094098882 1
0.000008094098882 1
0.000008094098882 1
0.000008094098882 1
0.000008094098882 1
0.000008094098882 1
0.000008094098882 1
0.000008094098882 1
0.000008094098882 1
0.000018240634177 2
0.000008094098882 1
0.000008094098882 1
0.000008094098882 1
0.000008094098882 1
0.000008094098882 1
0.000008094098882 1
0.000008094098882 1
0.000008094098882 1
0.000008094098882 1
0.000008094098882 1
0.000008094098882 1
