0.000000000000000 0
0.000000653398371 1
0.000001153304545 2
0.000000000000000 0
0.000000000000000 0
0.000000705085842 1
0.000000801166795 1
0.000000000000000 0
0.000000569694583 1
0.000000000000000 0
0.000000000000000 0
0.000000000000000 0
0.000000927592279 1
0.000001374495200 2
0.000000807801042 1
0.000000000000000 0
0.000000817815824 1
0.000000766680135 1
0.000000000000000 0
0.000000000000000 0
0.000000000000000 0
0.000000000000000 0
0.000000000000000 0
0.000000749169759 1
0.000000000000000 0
0.000000000000000 0
0.000000688214338 1
0.000002273484461 2
0.000000000000000 0
0.000000000000000 0
0.000000000000000 0
0.000000000000000 0
0.000001039337463 2
0.000000000000000 0
0.000000000000000 0
0.000000000000000 0
0.000000000000000 0
0.000000557087067 1
0.000000000000000 0
0.000000000000000 0
0.000000000000000 0
0.000000000000000 0
0.000001406609351 3
0.000000000000000 0
0.000000538803461 1
0.000000000000000 0
0.000000000000000 0
0.000001631925397 2
0.000000000000000 0
0.000000000000000 0
0.000000597263503 1
0.000001657838613 2
0.000000942244339 2
0.000000000000000 0
0.000000658970847 1
0.000001382595584 1
0.000000508952643 1
0.000005733273222 7
0.000000710369986 1
0.000003873365418 4
0.000000000000000 0
0.000000753528145 1
0.000003384058671 5
0.000000000000000 0
0.000001775897639 2
0.000000607611576 1
0.000002261289340 3
0.000002042878740 4
0.000000000000000 0
0.000001371694008 2
0.000000549699967 1
0.000002410347830 2
0.000000933420537 1
0.000000000000000 0
0.000000000000000 0
0.000000000000000 0
0.000000000000000 0
0.000000569474552 1
0.000000000000000 0
0.000000000000000 0
0.000000000000000 0
0.000000000000000 0
0.000001596229409 2
0.000000000000000 0
0.000000000000000 0
0.000000000000000 0
0.000000000000000 0
0.000000440907460 1
0.000000000000000 0
0.000000000000000 0
0.000000000000000 0
0.000000000000000 0
0.000002340824276 4
0.000000000000000 0
0.000000000000000 0
0.000000000000000 0
0.000000000000000 0
0.000001529187278 3
0.000000000000000 0
0.000000000000000 0
0.000000000000000 0
0.000000000000000 0
0.000000000000000 0
0.000000000000000 0
0.000000000000000 0
0.000000000000000 0
0.000000000000000 0
0.000001084542313 2
0.000000000000000 0
0.000000000000000 0
0.000000000000000 0
0.000000000000000 0
0.000000000000000 0
0.000000000000000 0
0.000000000000000 0
0.000000000000000 0
0.000000000000000 0
0.000001079288830 2
0.000000000000000 0
0.000000000000000 0
0.000000000000000 0
0.000000000000000 0
0.000000000000000 0
0.000000000000000 0
0.000000000000000 0
