0.000066453335622 29
0.000052132126108 27
0.000097519282255 40
0.000070326868688 31
0.000091353851869 38
0.000085977980871 36
0.000057109598093 28
0.000091800996274 38
0.000038399194269 23
0.000049769360383 26
0.000098909685766 40
0.000060628546638 31
0.000085365022805 37
0.000082595071917 34
0.000031863098982 20
0.000069630009659 31
0.000070708851435 32
0.000096617478830 40
0.000101671543716 42
0.000100869576697 40
0.000093224377961 39
0.000064307086647 31
0.000063550423733 30
0.000095571736653 40
0.000074466156967 33
0.000087881702205 34
0.000094358501069 39
0.000081830630419 36
0.000059018651457 28
0.000069854793854 31
0.000026718868080 20
0.000040633809912 28
0.000027305508975 20
0.000014255759305 14
0.000013468826761 13
0.000019560003608 16
0.000003836800595 11
0.000018029361702 18
0.000030701053117 23
0.000031233325334 22
0.000032008445459 21
0.000033329393063 23
0.000027969461093 21
0.000036514336504 23
0.000019393618132 16
0.000032477227740 22
0.000015100435112 14
0.000046023937275 30
0.000007398798271 12
0.000022701472238 16
0.000021652552059 16
0.000017279441944 15
0.000018253606701 15
0.000007299666378 11
0.000017193506993 14
0.000015455964777 14
0.000032550924255 23
0.000023023353545 17
0.000018233418454 15
0.000027846329243 20
0.000000121587934 5
0.000000100969627 4
0.000000043836052 2
0.000000078734338 4
0.000000143441819 3
0.000000047887763 2
0.000000149130018 6
0.000000097242945 4
0.000000027381103 1
0.000000161310766 4
0.000000092108744 3
0.000000068263636 3
0.000000157256028 4
0.000000074539415 3
0.000000100027539 3
0.000000075642118 3
0.000000223923905 8
0.000000052400290 2
0.000000049010439 2
0.000000074192510 3
0.000000133874963 2
0.000000051707444 2
0.000000234944996 5
0.000000153408755 7
0.000000141442459 3
0.000000075468756 3
0.000000140113628 3
0.000000091268560 4
0.000000157235260 2
0.000000123659739 4
