0.000013990882625 36
0.000013640894864 35
0.000014230302713 36
0.000014084840147 36
0.000014236897577 36
0.000014165360380 35
0.000013648558177 34
0.000014208632986 35
0.000013696427597 36
0.000013959084733 36
0.000014237398552 35
0.000013876983739 35
0.000014059205554 35
0.000013992499439 35
0.000013781442528 35
0.000014007296025 36
0.000013967838195 35
0.000014140436683 35
0.000014271929061 35
0.000014205091043 35
0.000014156712924 35
0.000013993526440 35
0.000013981092484 35
0.000014274746898 36
0.000014008510243 36
0.000014100575059 35
0.000014177534175 35
0.000014010754714 34
0.000013816294089 36
0.000014021903256 36
0.000011410254760 34
0.000011645828897 35
0.000011109538906 34
0.000010332737425 34
0.000010275924184 31
0.000010871811413 34
0.000008816470087 32
0.000009997671076 35
0.000011371883998 34
0.000011490180635 34
0.000011335170412 34
0.000011393833835 35
0.000010704543684 34
0.000011520284452 35
0.000011468067706 33
0.000011879999878 34
0.000010519861982 32
0.000011800352495 35
0.000010021859272 33
0.000010955616091 34
0.000011044285309 35
0.000011316100913 32
0.000010844491473 34
0.000010047573856 34
0.000011410693663 34
0.000010476164624 33
0.000011427520601 35
0.000011718038402 34
0.000011056193349 33
0.000011431146203 34
0.000013675840057 35
0.000013518604843 35
0.000013713285341 35
0.000013560584427 35
0.000013686987266 35
0.000013692581368 35
0.000013449753083 35
0.000013679853454 35
0.000013626139300 35
0.000013740306709 35
0.000013660055287 35
0.000013717397775 35
0.000013532898193 35
0.000013715815829 35
0.000013664414170 35
0.000013739366236 35
0.000013683351308 35
0.000013730475566 35
0.000013604084460 35
0.000013606442561 35
0.000013742690465 35
0.000013658297720 35
0.000013605501585 35
0.000013682379936 35
0.000013716380703 35
0.000013636570854 35
0.000013633188827 35
0.000013738460500 35
0.000013637393637 35
0.000013740526790 35
0.000010740654354 33
0.000013158077571 35
0.000012596630120 36
0.000012008632275 34
0.000012613145511 34
0.000012514402487 33
0.000012823848730 36
0.000011902181173 34
0.000013034421186 35
0.000012988468708 34
0.000012377516425 34
0.000013131366892 35
0.000012501158684 36
0.000012886465847 33
0.000012888470129 35
0.000013290056731 36
0.000013243016697 36
0.000013099431338 36
0.000012962125162 35
0.000011815786156 35
0.000012590122192 33
0.000011649943488 35
0.000012573946453 34
0.000012489102276 36
0.000012842803874 35
0.000013127149060 35
0.000013122577308 36
0.000012571231684 35
0.000012688622682 36
0.000013014631076 35
0.000000144030228 8
0.000000192086314 10
0.000000111190049 6
0.000000178145123 9
0.000000035801291 3
0.000000282915062 12
0.000000051210220 3
0.000000141462266 8
0.000000246451875 11
0.000000262501780 12
0.000000268775542 12
0.000000211389613 8
0.000000169210958 8
0.000000213054311 10
0.000000173462072 11
0.000000269349250 14
0.000000206312770 11
0.000000073567990 4
0.000000224130746 6
0.000000165032227 8
0.000000223264769 6
0.000007014509705 27
0.000000209928647 12
0.000000051900573 3
0.000000239354389 12
0.000000034106971 3
0.000000278839454 14
0.000000250524221 9
0.000000218561561 12
0.000000141526049 9
0.000000134719192 7
0.000000095965742 5
0.000000161586143 10
0.000000024920454 2
0.000000047317906 4
0.000000130612737 8
0.000000126515355 3
0.000000050098344 4
0.000000092491909 6
0.000000054655866 4
0.000000241932046 12
0.000000236608801 10
0.000000150288971 8
0.000000138392938 7
0.000000090060289 6
0.000000226441519 12
0.000000217865084 10
0.000000099244880 2
0.000000239344560 7
0.000000233238723 9
0.000000125119958 9
0.000000139202030 6
0.000000130195456 7
0.000000195692063 5
0.000000185619451 10
0.000000096176692 5
0.000000191469083 12
0.000000024920454 2
0.000000161295014 9
0.000001113678969 7
