125 3
125
1.142745862503102838e+00 1.323685775889948957e+00 9.784448449403404524e+00
1.142745862503102838e+00 1.323685775889948957e+00 3.135920278862755595e+01
1.142745862503102838e+00 1.323685775889948957e+00 5.293395712785171270e+01
1.142745862503102838e+00 1.323685775889948957e+00 7.450871146707585524e+01
1.142745862503102838e+00 1.323685775889948957e+00 9.608346580630001199e+01
2.529443789048849567e+01 1.323685775889948957e+00 9.784448449403404524e+00
2.529443789048849567e+01 1.323685775889948957e+00 3.135920278862755595e+01
2.529443789048849567e+01 1.323685775889948957e+00 5.293395712785171270e+01
2.529443789048849567e+01 1.323685775889948957e+00 7.450871146707585524e+01
2.529443789048849567e+01 1.323685775889948957e+00 9.608346580630001199e+01
4.944612991847389338e+01 1.323685775889948957e+00 9.784448449403404524e+00
4.944612991847389338e+01 1.323685775889948957e+00 3.135920278862755595e+01
4.944612991847389338e+01 1.323685775889948957e+00 5.293395712785171270e+01
4.944612991847389338e+01 1.323685775889948957e+00 7.450871146707585524e+01
4.944612991847389338e+01 1.323685775889948957e+00 9.608346580630001199e+01
7.359782194645929110e+01 1.323685775889948957e+00 9.784448449403404524e+00
7.359782194645929110e+01 1.323685775889948957e+00 3.135920278862755595e+01
7.359782194645929110e+01 1.323685775889948957e+00 5.293395712785171270e+01
7.359782194645929110e+01 1.323685775889948957e+00 7.450871146707585524e+01
7.359782194645929110e+01 1.323685775889948957e+00 9.608346580630001199e+01
9.774951397444468171e+01 1.323685775889948957e+00 9.784448449403404524e+00
9.774951397444468171e+01 1.323685775889948957e+00 3.135920278862755595e+01
9.774951397444468171e+01 1.323685775889948957e+00 5.293395712785171270e+01
9.774951397444468171e+01 1.323685775889948957e+00 7.450871146707585524e+01
9.774951397444468171e+01 1.323685775889948957e+00 9.608346580630001199e+01
1.142745862503102838e+00 2.553849907737379255e+01 9.784448449403404524e+00
1.142745862503102838e+00 2.553849907737379255e+01 3.135920278862755595e+01
1.142745862503102838e+00 2.553849907737379255e+01 5.293395712785171270e+01
1.142745862503102838e+00 2.553849907737379255e+01 7.450871146707585524e+01
1.142745862503102838e+00 2.553849907737379255e+01 9.608346580630001199e+01
2.529443789048849567e+01 2.553849907737379255e+01 9.784448449403404524e+00
2.529443789048849567e+01 2.553849907737379255e+01 3.135920278862755595e+01
2.529443789048849567e+01 2.553849907737379255e+01 5.293395712785171270e+01
2.529443789048849567e+01 2.553849907737379255e+01 7.450871146707585524e+01
2.529443789048849567e+01 2.553849907737379255e+01 9.608346580630001199e+01
4.944612991847389338e+01 2.553849907737379255e+01 9.784448449403404524e+00
4.944612991847389338e+01 2.553849907737379255e+01 3.135920278862755595e+01
4.944612991847389338e+01 2.553849907737379255e+01 5.293395712785171270e+01
4.944612991847389338e+01 2.553849907737379255e+01 7.450871146707585524e+01
4.944612991847389338e+01 2.553849907737379255e+01 9.608346580630001199e+01
7.359782194645929110e+01 2.553849907737379255e+01 9.784448449403404524e+00
7.359782194645929110e+01 2.553849907737379255e+01 3.135920278862755595e+01
7.359782194645929110e+01 2.553849907737379255e+01 5.293395712785171270e+01
7.359782194645929110e+01 2.553849907737379255e+01 7.450871146707585524e+01
7.359782194645929110e+01 2.553849907737379255e+01 9.608346580630001199e+01
9.774951397444468171e+01 2.553849907737379255e+01 9.784448449403404524e+00
9.774951397444468171e+01 2.553849907737379255e+01 3.135920278862755595e+01
9.774951397444468171e+01 2.553849907737379255e+01 5.293395712785171270e+01
9.774951397444468171e+01 2.553849907737379255e+01 7.450871146707585524e+01
9.774951397444468171e+01 2.553849907737379255e+01 9.608346580630001199e+01
1.142745862503102838e+00 4.975331237885763613e+01 9.784448449403404524e+00
1.142745862503102838e+00 4.975331237885763613e+01 3.135920278862755595e+01
1.142745862503102838e+00 4.975331237885763613e+01 5.293395712785171270e+01
1.142745862503102838e+00 4.975331237885763613e+01 7.450871146707585524e+01
1.142745862503102838e+00 4.975331237885763613e+01 9.608346580630001199e+01
2.529443789048849567e+01 4.975331237885763613e+01 9.784448449403404524e+00
2.529443789048849567e+01 4.975331237885763613e+01 3.135920278862755595e+01
2.529443789048849567e+01 4.975331237885763613e+01 5.293395712785171270e+01
2.529443789048849567e+01 4.975331237885763613e+01 7.450871146707585524e+01
2.529443789048849567e+01 4.975331237885763613e+01 9.608346580630001199e+01
4.944612991847389338e+01 4.975331237885763613e+01 9.784448449403404524e+00
4.944612991847389338e+01 4.975331237885763613e+01 3.135920278862755595e+01
4.944612991847389338e+01 4.975331237885763613e+01 5.293395712785171270e+01
4.944612991847389338e+01 4.975331237885763613e+01 7.450871146707585524e+01
4.944612991847389338e+01 4.975331237885763613e+01 9.608346580630001199e+01
7.359782194645929110e+01 4.975331237885763613e+01 9.784448449403404524e+00
7.359782194645929110e+01 4.975331237885763613e+01 3.135920278862755595e+01
7.359782194645929110e+01 4.975331237885763613e+01 5.293395712785171270e+01
7.359782194645929110e+01 4.975331237885763613e+01 7.450871146707585524e+01
7.359782194645929110e+01 4.975331237885763613e+01 9.608346580630001199e+01
9.774951397444468171e+01 4.975331237885763613e+01 9.784448449403404524e+00
9.774951397444468171e+01 4.975331237885763613e+01 3.135920278862755595e+01
9.774951397444468171e+01 4.975331237885763613e+01 5.293395712785171270e+01
9.774951397444468171e+01 4.975331237885763613e+01 7.450871146707585524e+01
9.774951397444468171e+01 4.975331237885763613e+01 9.608346580630001199e+01
1.142745862503102838e+00 7.396812568034147262e+01 9.784448449403404524e+00
1.142745862503102838e+00 7.396812568034147262e+01 3.135920278862755595e+01
1.142745862503102838e+00 7.396812568034147262e+01 5.293395712785171270e+01
1.142745862503102838e+00 7.396812568034147262e+01 7.450871146707585524e+01
1.142745862503102838e+00 7.396812568034147262e+01 9.608346580630001199e+01
2.529443789048849567e+01 7.396812568034147262e+01 9.784448449403404524e+00
2.529443789048849567e+01 7.396812568034147262e+01 3.135920278862755595e+01
2.529443789048849567e+01 7.396812568034147262e+01 5.293395712785171270e+01
2.529443789048849567e+01 7.396812568034147262e+01 7.450871146707585524e+01
2.529443789048849567e+01 7.396812568034147262e+01 9.608346580630001199e+01
4.944612991847389338e+01 7.396812568034147262e+01 9.784448449403404524e+00
4.944612991847389338e+01 7.396812568034147262e+01 3.135920278862755595e+01
4.944612991847389338e+01 7.396812568034147262e+01 5.293395712785171270e+01
4.944612991847389338e+01 7.396812568034147262e+01 7.450871146707585524e+01
4.944612991847389338e+01 7.396812568034147262e+01 9.608346580630001199e+01
7.359782194645929110e+01 7.396812568034147262e+01 9.784448449403404524e+00
7.359782194645929110e+01 7.396812568034147262e+01 3.135920278862755595e+01
7.359782194645929110e+01 7.396812568034147262e+01 5.293395712785171270e+01
7.359782194645929110e+01 7.396812568034147262e+01 7.450871146707585524e+01
7.359782194645929110e+01 7.396812568034147262e+01 9.608346580630001199e+01
9.774951397444468171e+01 7.396812568034147262e+01 9.784448449403404524e+00
9.774951397444468171e+01 7.396812568034147262e+01 3.135920278862755595e+01
9.774951397444468171e+01 7.396812568034147262e+01 5.293395712785171270e+01
9.774951397444468171e+01 7.396812568034147262e+01 7.450871146707585524e+01
9.774951397444468171e+01 7.396812568034147262e+01 9.608346580630001199e+01
1.142745862503102838e+00 9.818293898182531620e+01 9.784448449403404524e+00
1.142745862503102838e+00 9.818293898182531620e+01 3.135920278862755595e+01
1.142745862503102838e+00 9.818293898182531620e+01 5.293395712785171270e+01
1.142745862503102838e+00 9.818293898182531620e+01 7.450871146707585524e+01
1.142745862503102838e+00 9.818293898182531620e+01 9.608346580630001199e+01
2.529443789048849567e+01 9.818293898182531620e+01 9.784448449403404524e+00
2.529443789048849567e+01 9.818293898182531620e+01 3.135920278862755595e+01
2.529443789048849567e+01 9.818293898182531620e+01 5.293395712785171270e+01
2.529443789048849567e+01 9.818293898182531620e+01 7.450871146707585524e+01
2.529443789048849567e+01 9.818293898182531620e+01 9.608346580630001199e+01
4.944612991847389338e+01 9.818293898182531620e+01 9.784448449403404524e+00
4.944612991847389338e+01 9.818293898182531620e+01 3.135920278862755595e+01
4.944612991847389338e+01 9.818293898182531620e+01 5.293395712785171270e+01
4.944612991847389338e+01 9.818293898182531620e+01 7.450871146707585524e+01
4.944612991847389338e+01 9.818293898182531620e+01 9.608346580630001199e+01
7.359782194645929110e+01 9.818293898182531620e+01 9.784448449403404524e+00
7.359782194645929110e+01 9.818293898182531620e+01 3.135920278862755595e+01
7.359782194645929110e+01 9.818293898182531620e+01 5.293395712785171270e+01
7.359782194645929110e+01 9.818293898182531620e+01 7.450871146707585524e+01
7.359782194645929110e+01 9.818293898182531620e+01 9.608346580630001199e+01
9.774951397444468171e+01 9.818293898182531620e+01 9.784448449403404524e+00
9.774951397444468171e+01 9.818293898182531620e+01 3.135920278862755595e+01
9.774951397444468171e+01 9.818293898182531620e+01 5.293395712785171270e+01
9.774951397444468171e+01 9.818293898182531620e+01 7.450871146707585524e+01
9.774951397444468171e+01 9.818293898182531620e+01 9.608346580630001199e+01
