0.000000585573796 5
0.000000000000000 0
0.000000192284177 1
0.000000000000000 0
0.000000146411677 1
0.000004432349458 29
0.000000728744169 6
0.000000000000000 0
0.000000132282331 1
0.000000161458368 1
0.000000249450673 2
0.000000248664676 2
0.000000218872295 2
0.000000086819613 1
0.000000000000000 0
0.000000097146735 1
0.000000162882704 1
0.000000000000000 0
0.000000000000000 0
0.000000000000000 0
0.000000000000000 0
0.000000202432781 1
0.000000000000000 0
0.000001140290306 10
0.000000213466798 2
0.000000000000000 0
0.000000000000000 0
0.000000178636649 1
0.000000212181852 2
0.000000000000000 0
0.000001241336527 10
0.000000457143886 3
0.000000389315756 4
0.000000184802685 2
0.000000244884709 2
0.000000221030717 2
0.000000298866414 3
0.000000682451681 5
0.000000252064829 2
0.000000243125625 2
0.000000248252292 2
0.000000112525571 1
0.000000000000000 0
0.000002217549738 17
0.000000734946355 5
0.000000356474496 3
0.000000113536781 1
0.000000088349989 1
0.000000999344305 9
0.000001503760156 13
0.000000000000000 0
0.000000000000000 0
0.000000568361574 4
0.000000000000000 0
0.000000000000000 0
0.000000000000000 0
0.000000000000000 0
0.000000177931964 1
0.000000000000000 0
0.000000167702983 1
0.000000000000000 0
0.000000255637634 3
0.000000183031809 1
0.000000245599354 2
0.000000606792375 5
0.000000073934391 1
0.000000000000000 0
0.000000000000000 0
0.000000000000000 0
0.000000236402725 2
0.000000000000000 0
0.000000141075435 1
0.000000124219345 1
0.000000000000000 0
0.000000179831046 2
0.000000000000000 0
0.000000126648453 1
0.000000000000000 0
0.000000129083408 1
0.000000000000000 0
0.000000000000000 0
0.000002600264769 18
0.000002200257744 17
0.000000000000000 0
0.000000000000000 0
0.000000182245459 2
0.000004190667960 32
0.000000728179378 6
0.000000290596667 2
0.000000000000000 0
0.000000070565289 1
0.000003022757680 24
0.000000205459292 1
0.000000234750519 2
0.000000000000000 0
0.000000000000000 0
0.000000000000000 0
0.000000000000000 0
0.000000000000000 0
0.000000000000000 0
0.000000000000000 0
0.000000000000000 0
0.000000000000000 0
0.000000000000000 0
0.000000000000000 0
0.000000094868635 1
0.000000177812341 2
0.000000000000000 0
0.000000000000000 0
0.000000000000000 0
0.000000000000000 0
0.000000765594132 8
0.000000172286908 1
0.000000094339550 1
0.000000000000000 0
0.000000123698303 1
0.000000131787277 2
0.000000000000000 0
0.000000234173060 2
0.000000421192958 4
0.000000098344766 1
0.000000212779402 1
0.000000157235909 1
0.000000134025668 1
0.000000000000000 0
