0.000013927603938 39
0.000013615107377 36
0.000014315340121 38
0.000013973111196 39
0.000014278789481 38
0.000014152399358 37
0.000013888216337 36
0.000014290631813 37
0.000013359728052 37
0.000013761174594 38
0.000014360713815 37
0.000013827502256 37
0.000014178245295 37
0.000014244007187 37
0.000013264942193 36
0.000013932033300 37
0.000014032919569 36
0.000014325293894 37
0.000014342610256 37
0.000014349842297 37
0.000014339855083 38
0.000013954054311 37
0.000013917877965 37
0.000014305071711 37
0.000013879675313 37
0.000014289485081 37
0.000014323984275 37
0.000014159108762 36
0.000013769049571 38
0.000013888117772 37
0.000010052123624 35
0.000010987618311 37
0.000009733020248 35
0.000008679721095 33
0.000009224534261 32
0.000008500111720 32
0.000006937584918 25
0.000008351557686 28
0.000010703927812 37
0.000010812004701 37
0.000009863235644 34
0.000009924365095 35
0.000009446829744 33
0.000010474852733 36
0.000010236322268 34
0.000011178104106 38
0.000009000038141 32
0.000011230652055 37
0.000006856739376 30
0.000008753341203 30
0.000009728344615 35
0.000009858846066 33
0.000009051551885 32
0.000009010366714 32
0.000009551832153 34
0.000008905574536 32
0.000010526485658 36
0.000010786637686 37
0.000009472306906 32
0.000010355291843 35
0.000013740383785 36
0.000013582222984 37
0.000013765977188 36
0.000013602805551 37
0.000013769132209 37
0.000013589250015 36
0.000011872662254 36
0.000013510830377 36
0.000013737520263 37
0.000013768963791 36
0.000013474168727 37
0.000013792798014 36
0.000013400639117 37
0.000013791581689 36
0.000013484053312 37
0.000013705564714 36
0.000013655886674 36
0.000013803404198 37
0.000013545946649 37
0.000013575102987 35
0.000013813458313 36
0.000013560084283 36
0.000012802271189 37
0.000013734232580 36
0.000013759222503 37
0.000013481706180 36
0.000013655572056 36
0.000013813406127 36
0.000013632783576 36
0.000013770085576 36
0.000010341090194 35
0.000013232362332 40
0.000011246885698 38
0.000012031945464 41
0.000011734367084 40
0.000012451966781 40
0.000013048066937 40
0.000012159333628 41
0.000012827715126 41
0.000013247267146 40
0.000011684061885 40
0.000013338864211 41
0.000012338810288 38
0.000012341410502 40
0.000013236744413 40
0.000013503321410 40
0.000013424843800 40
0.000013390649419 40
0.000013297847492 41
0.000011922407368 41
0.000012632934356 40
0.000011308552668 34
0.000012972995214 40
0.000012743628691 40
0.000013005722253 40
0.000013389264559 40
0.000013318448463 40
0.000012587673528 40
0.000011927003472 39
0.000012818401194 40
0.000000029080380 2
0.000000167775796 7
0.000000179363028 9
0.000000165850199 8
0.000000015408844 1
0.000000155534806 6
0.000000015408844 1
0.000000103159350 5
0.000000198514152 8
0.000000222516299 10
0.000000178011779 8
0.000000200454721 8
0.000000186837394 8
0.000000209678262 10
0.000000040918239 2
0.000000106955869 5
0.000000157347045 7
0.000000082643805 5
0.000000232843528 7
0.000000106367178 4
0.000000199645722 6
0.000007208286202 25
0.000000086777046 5
0.000000034235491 2
0.000000222655254 11
0.000000044351793 3
0.000000092037403 5
0.000000217677703 5
0.000000141167465 7
0.000000158906151 8
0.000000112382638 6
0.000000316542488 3
0.000000144518290 8
0.000000044546110 3
0.000000074925176 4
0.000000087251163 5
0.000000192015118 7
0.000000026652801 2
0.000000121740483 7
0.000000083804963 5
0.000000192527035 9
0.000000212749346 10
0.000000129913297 7
0.000000078462286 5
0.000000015408844 1
0.000000152636119 7
0.000000166103099 7
0.000000131568289 4
0.000000247852933 8
0.000000250929416 10
0.000000108204147 7
0.000000210806323 10
0.000001164339585 8
0.000000213441484 5
0.000000111820621 6
0.000000167179921 8
0.000000147077252 9
0.000000074715664 4
0.000000130724224 6
0.000001317044785 11
