0.000009808314406 2
0.000006160303669 1
0.000006160303669 1
0.000006160303669 1
0.000006160303669 1
0.000017103244753 2
0.000006160303669 1
0.000015605783806 2
0.000006160303669 1
0.000006160303669 1
0.000020912599419 2
0.000009808314406 2
0.000018383184708 2
0.000006160303669 1
0.000006160303669 1
0.000006160303669 1
0.000023612383603 2
0.000006160303669 1
0.000020912599419 2
0.000006160303669 1
0.000006160303669 1
0.000022298481801 2
0.000018981932112 2
0.000022298481801 2
0.000006160303669 1
0.000010387106159 2
0.000006160303669 1
0.000015605783806 2
0.000006160303669 1
0.000006160303669 1
0.000006160303669 1
0.000006160303669 1
0.000018981932112 2
0.000021974055817 3
0.000023612383603 2
0.000006160303669 1
0.000006160303669 1
0.000006160303669 1
0.000006160303669 1
0.000017103244753 2
0.000006160303669 1
0.000006160303669 1
0.000006160303669 1
0.000006160303669 1
0.000010387106159 2
0.000102871229993 4
0.000083799694816 5
0.000058244265525 4
0.000116303468002 5
0.000053056266463 4
0.000043391468389 2
0.000056793066897 3
0.000065901785027 4
0.000023460069036 2
0.000058793680594 3
0.000006160303669 1
0.000052963720392 3
0.000041733146434 3
0.000033412459903 3
0.000072374037294 4
0.000053045185373 4
0.000126462048294 6
0.000037510815739 3
0.000043276641727 3
0.000039525370289 3
0.000067447038906 5
0.000030226933293 2
0.000040620771320 2
0.000026111985965 2
0.000040466976612 3
0.000044652132366 3
0.000065248124869 3
0.000009806043820 1
0.000067617887151 3
0.000096369208173 4
0.000050820772202 3
0.000036522137262 3
0.000049279967362 4
0.000100323856120 5
0.000006160303669 1
0.000043257344176 3
0.000023248826040 2
0.000049200906087 3
0.000009760900277 1
0.000019470414620 2
0.000040251352398 3
0.000040891337573 3
0.000065930629966 3
0.000061079589018 3
0.000009753063076 1
