0.000000000000000 0
0.000000685474716 1
0.000000000000000 0
0.000000000000000 0
0.000000000000000 0
0.000000000000000 0
0.000000000000000 0
0.000000000000000 0
0.000000000000000 0
0.000000000000000 0
0.000001612633681 2
0.000001061563910 2
0.000001549156280 2
0.000000466391249 1
0.000000000000000 0
0.000001340374365 2
0.000000000000000 0
0.000000951880774 2
0.000000846375258 1
0.000000000000000 0
0.000000000000000 0
0.000000000000000 0
0.000000808953544 1
0.000000540901904 1
0.000000754598234 1
0.000000000000000 0
0.000000000000000 0
0.000002147213239 2
0.000000000000000 0
0.000000000000000 0
0.000000000000000 0
0.000000000000000 0
0.000000000000000 0
0.000000000000000 0
0.000000000000000 0
0.000000000000000 0
0.000000000000000 0
0.000000000000000 0
0.000000000000000 0
0.000000000000000 0
0.000000000000000 0
0.000000000000000 0
0.000000964437219 2
0.000000000000000 0
0.000000000000000 0
0.000000000000000 0
0.000000000000000 0
0.000001668478856 2
0.000000000000000 0
0.000000000000000 0
0.000000838801345 1
0.000001824091882 2
0.000000000000000 0
0.000000000000000 0
0.000000727545327 1
0.000001206261498 1
0.000001062272588 1
0.000005055519150 7
0.000001284520733 2
0.000002657441977 3
0.000000000000000 0
0.000000000000000 0
0.000003254432505 5
0.000001263508893 2
0.000000000000000 0
0.000000000000000 0
0.000001320182490 2
0.000001167435922 2
0.000000000000000 0
0.000001384898357 2
0.000000000000000 0
0.000002131126168 2
0.000000773717332 1
0.000000000000000 0
0.000000000000000 0
0.000000000000000 0
0.000000000000000 0
0.000000000000000 0
0.000000000000000 0
0.000000000000000 0
0.000000000000000 0
0.000000000000000 0
0.000000602831326 1
0.000000000000000 0
0.000000000000000 0
0.000000000000000 0
0.000000000000000 0
0.000001532700496 3
0.000000000000000 0
0.000000000000000 0
0.000000000000000 0
0.000000000000000 0
0.000001210723897 2
0.000000000000000 0
0.000000000000000 0
0.000000000000000 0
0.000000000000000 0
0.000000520589455 1
0.000000000000000 0
0.000000000000000 0
0.000000000000000 0
0.000000000000000 0
0.000000000000000 0
0.000000000000000 0
0.000000000000000 0
0.000000000000000 0
0.000000000000000 0
0.000000519325911 1
0.000000000000000 0
0.000000000000000 0
0.000000000000000 0
0.000000000000000 0
0.000001516548026 3
0.000000000000000 0
0.000000000000000 0
0.000000000000000 0
0.000000000000000 0
0.000000993437436 1
0.000000000000000 0
0.000000000000000 0
0.000000000000000 0
0.000000000000000 0
0.000000000000000 0
0.000000000000000 0
0.000000000000000 0
