125 3
125
7.884103508440376551e-01 2.703213893502698362e-01 3.603381742856948122e+00
7.884103508440376551e-01 2.703213893502698362e-01 2.768448615519698564e+01
7.884103508440376551e-01 2.703213893502698362e-01 5.176559056753702492e+01
7.884103508440376551e-01 2.703213893502698362e-01 7.584669497987707132e+01
7.884103508440376551e-01 2.703213893502698362e-01 9.992779939221711061e+01
2.507948099651949647e+01 2.703213893502698362e-01 3.603381742856948122e+00
2.507948099651949647e+01 2.703213893502698362e-01 2.768448615519698564e+01
2.507948099651949647e+01 2.703213893502698362e-01 5.176559056753702492e+01
2.507948099651949647e+01 2.703213893502698362e-01 7.584669497987707132e+01
2.507948099651949647e+01 2.703213893502698362e-01 9.992779939221711061e+01
4.937055164219495396e+01 2.703213893502698362e-01 3.603381742856948122e+00
4.937055164219495396e+01 2.703213893502698362e-01 2.768448615519698564e+01
4.937055164219495396e+01 2.703213893502698362e-01 5.176559056753702492e+01
4.937055164219495396e+01 2.703213893502698362e-01 7.584669497987707132e+01
4.937055164219495396e+01 2.703213893502698362e-01 9.992779939221711061e+01
7.366162228787040078e+01 2.703213893502698362e-01 3.603381742856948122e+00
7.366162228787040078e+01 2.703213893502698362e-01 2.768448615519698564e+01
7.366162228787040078e+01 2.703213893502698362e-01 5.176559056753702492e+01
7.366162228787040078e+01 2.703213893502698362e-01 7.584669497987707132e+01
7.366162228787040078e+01 2.703213893502698362e-01 9.992779939221711061e+01
9.795269293354586182e+01 2.703213893502698362e-01 3.603381742856948122e+00
9.795269293354586182e+01 2.703213893502698362e-01 2.768448615519698564e+01
9.795269293354586182e+01 2.703213893502698362e-01 5.176559056753702492e+01
9.795269293354586182e+01 2.703213893502698362e-01 7.584669497987707132e+01
9.795269293354586182e+01 2.703213893502698362e-01 9.992779939221711061e+01
7.884103508440376551e-01 2.478839709852875117e+01 3.603381742856948122e+00
7.884103508440376551e-01 2.478839709852875117e+01 2.768448615519698564e+01
7.884103508440376551e-01 2.478839709852875117e+01 5.176559056753702492e+01
7.884103508440376551e-01 2.478839709852875117e+01 7.584669497987707132e+01
7.884103508440376551e-01 2.478839709852875117e+01 9.992779939221711061e+01
2.507948099651949647e+01 2.478839709852875117e+01 3.603381742856948122e+00
2.507948099651949647e+01 2.478839709852875117e+01 2.768448615519698564e+01
2.507948099651949647e+01 2.478839709852875117e+01 5.176559056753702492e+01
2.507948099651949647e+01 2.478839709852875117e+01 7.584669497987707132e+01
2.507948099651949647e+01 2.478839709852875117e+01 9.992779939221711061e+01
4.937055164219495396e+01 2.478839709852875117e+01 3.603381742856948122e+00
4.937055164219495396e+01 2.478839709852875117e+01 2.768448615519698564e+01
4.937055164219495396e+01 2.478839709852875117e+01 5.176559056753702492e+01
4.937055164219495396e+01 2.478839709852875117e+01 7.584669497987707132e+01
4.937055164219495396e+01 2.478839709852875117e+01 9.992779939221711061e+01
7.366162228787040078e+01 2.478839709852875117e+01 3.603381742856948122e+00
7.366162228787040078e+01 2.478839709852875117e+01 2.768448615519698564e+01
7.366162228787040078e+01 2.478839709852875117e+01 5.176559056753702492e+01
7.366162228787040078e+01 2.478839709852875117e+01 7.584669497987707132e+01
7.366162228787040078e+01 2.478839709852875117e+01 9.992779939221711061e+01
9.795269293354586182e+01 2.478839709852875117e+01 3.603381742856948122e+00
9.795269293354586182e+01 2.478839709852875117e+01 2.768448615519698564e+01
9.795269293354586182e+01 2.478839709852875117e+01 5.176559056753702492e+01
9.795269293354586182e+01 2.478839709852875117e+01 7.584669497987707132e+01
9.795269293354586182e+01 2.478839709852875117e+01 9.992779939221711061e+01
7.884103508440376551e-01 4.930647280770723739e+01 3.603381742856948122e+00
7.884103508440376551e-01 4.930647280770723739e+01 2.768448615519698564e+01
7.884103508440376551e-01 4.930647280770723739e+01 5.176559056753702492e+01
7.884103508440376551e-01 4.930647280770723739e+01 7.584669497987707132e+01
7.884103508440376551e-01 4.930647280770723739e+01 9.992779939221711061e+01
2.507948099651949647e+01 4.930647280770723739e+01 3.603381742856948122e+00
2.507948099651949647e+01 4.930647280770723739e+01 2.768448615519698564e+01
2.507948099651949647e+01 4.930647280770723739e+01 5.176559056753702492e+01
2.507948099651949647e+01 4.930647280770723739e+01 7.584669497987707132e+01
2.507948099651949647e+01 4.930647280770723739e+01 9.992779939221711061e+01
4.937055164219495396e+01 4.930647280770723739e+01 3.603381742856948122e+00
4.937055164219495396e+01 4.930647280770723739e+01 2.768448615519698564e+01
4.937055164219495396e+01 4.930647280770723739e+01 5.176559056753702492e+01
4.937055164219495396e+01 4.930647280770723739e+01 7.584669497987707132e+01
4.937055164219495396e+01 4.930647280770723739e+01 9.992779939221711061e+01
7.366162228787040078e+01 4.930647280770723739e+01 3.603381742856948122e+00
7.366162228787040078e+01 4.930647280770723739e+01 2.768448615519698564e+01
7.366162228787040078e+01 4.930647280770723739e+01 5.176559056753702492e+01
7.366162228787040078e+01 4.930647280770723739e+01 7.584669497987707132e+01
7.366162228787040078e+01 4.930647280770723739e+01 9.992779939221711061e+01
9.795269293354586182e+01 4.930647280770723739e+01 3.603381742856948122e+00
9.795269293354586182e+01 4.930647280770723739e+01 2.768448615519698564e+01
9.795269293354586182e+01 4.930647280770723739e+01 5.176559056753702492e+01
9.795269293354586182e+01 4.930647280770723739e+01 7.584669497987707132e+01
9.795269293354586182e+01 4.930647280770723739e+01 9.992779939221711061e+01
7.884103508440376551e-01 7.382454851688572717e+01 3.603381742856948122e+00
7.884103508440376551e-01 7.382454851688572717e+01 2.768448615519698564e+01
7.884103508440376551e-01 7.382454851688572717e+01 5.176559056753702492e+01
7.884103508440376551e-01 7.382454851688572717e+01 7.584669497987707132e+01
7.884103508440376551e-01 7.382454851688572717e+01 9.992779939221711061e+01
2.507948099651949647e+01 7.382454851688572717e+01 3.603381742856948122e+00
2.507948099651949647e+01 7.382454851688572717e+01 2.768448615519698564e+01
2.507948099651949647e+01 7.382454851688572717e+01 5.176559056753702492e+01
2.507948099651949647e+01 7.382454851688572717e+01 7.584669497987707132e+01
2.507948099651949647e+01 7.382454851688572717e+01 9.992779939221711061e+01
4.937055164219495396e+01 7.382454851688572717e+01 3.603381742856948122e+00
4.937055164219495396e+01 7.382454851688572717e+01 2.768448615519698564e+01
4.937055164219495396e+01 7.382454851688572717e+01 5.176559056753702492e+01
4.937055164219495396e+01 7.382454851688572717e+01 7.584669497987707132e+01
4.937055164219495396e+01 7.382454851688572717e+01 9.992779939221711061e+01
7.366162228787040078e+01 7.382454851688572717e+01 3.603381742856948122e+00
7.366162228787040078e+01 7.382454851688572717e+01 2.768448615519698564e+01
7.366162228787040078e+01 7.382454851688572717e+01 5.176559056753702492e+01
7.366162228787040078e+01 7.382454851688572717e+01 7.584669497987707132e+01
7.366162228787040078e+01 7.382454851688572717e+01 9.992779939221711061e+01
9.795269293354586182e+01 7.382454851688572717e+01 3.603381742856948122e+00
9.795269293354586182e+01 7.382454851688572717e+01 2.768448615519698564e+01
9.795269293354586182e+01 7.382454851688572717e+01 5.176559056753702492e+01
9.795269293354586182e+01 7.382454851688572717e+01 7.584669497987707132e+01
9.795269293354586182e+01 7.382454851688572717e+01 9.992779939221711061e+01
7.884103508440376551e-01 9.834262422606420273e+01 3.603381742856948122e+00
7.884103508440376551e-01 9.834262422606420273e+01 2.768448615519698564e+01
7.884103508440376551e-01 9.834262422606420273e+01 5.176559056753702492e+01
7.884103508440376551e-01 9.834262422606420273e+01 7.584669497987707132e+01
7.884103508440376551e-01 9.834262422606420273e+01 9.992779939221711061e+01
2.507948099651949647e+01 9.834262422606420273e+01 3.603381742856948122e+00
2.507948099651949647e+01 9.834262422606420273e+01 2.768448615519698564e+01
2.507948099651949647e+01 9.834262422606420273e+01 5.176559056753702492e+01
2.507948099651949647e+01 9.834262422606420273e+01 7.584669497987707132e+01
2.507948099651949647e+01 9.834262422606420273e+01 9.992779939221711061e+01
4.937055164219495396e+01 9.834262422606420273e+01 3.603381742856948122e+00
4.937055164219495396e+01 9.834262422606420273e+01 2.768448615519698564e+01
4.937055164219495396e+01 9.834262422606420273e+01 5.176559056753702492e+01
4.937055164219495396e+01 9.834262422606420273e+01 7.584669497987707132e+01
4.937055164219495396e+01 9.834262422606420273e+01 9.992779939221711061e+01
7.366162228787040078e+01 9.834262422606420273e+01 3.603381742856948122e+00
7.366162228787040078e+01 9.834262422606420273e+01 2.768448615519698564e+01
7.366162228787040078e+01 9.834262422606420273e+01 5.176559056753702492e+01
7.366162228787040078e+01 9.834262422606420273e+01 7.584669497987707132e+01
7.366162228787040078e+01 9.834262422606420273e+01 9.992779939221711061e+01
9.795269293354586182e+01 9.834262422606420273e+01 3.603381742856948122e+00
9.795269293354586182e+01 9.834262422606420273e+01 2.768448615519698564e+01
9.795269293354586182e+01 9.834262422606420273e+01 5.176559056753702492e+01
9.795269293354586182e+01 9.834262422606420273e+01 7.584669497987707132e+01
9.795269293354586182e+01 9.834262422606420273e+01 9.992779939221711061e+01
