0.000019424771313 30
0.000018538749701 30
0.000020248825918 30
0.000019725747336 30
0.000020224979127 30
0.000019987154526 30
0.000018930232043 30
0.000020185755565 30
0.000018721761143 30
0.000019246779365 30
0.000020323129729 30
0.000019280168774 30
0.000019872752024 30
0.000019728610175 30
0.000018836817395 30
0.000019646654893 30
0.000019582823471 30
0.000020111569865 30
0.000020384360882 30
0.000020281586454 30
0.000020146289787 30
0.000019609495497 30
0.000019570057974 30
0.000020315700496 30
0.000019642351071 30
0.000020008101378 30
0.000020186519610 30
0.000019873457027 30
0.000018777450966 30
0.000019659664245 30
0.000016955355883 30
0.000017618979532 30
0.000014317618748 25
0.000012780725081 24
0.000012080494380 22
0.000013729663298 25
0.000007978852397 16
0.000010212699250 19
0.000015719289622 27
0.000017193761327 30
0.000016053808103 28
0.000016127088381 28
0.000012479096098 22
0.000016867311767 29
0.000016542964182 28
0.000018335870405 30
0.000013268815211 24
0.000018064171724 30
0.000010802576153 21
0.000013675602643 24
0.000014550874124 26
0.000015818025474 27
0.000014176243497 26
0.000011166876230 21
0.000015966576955 27
0.000013194080177 24
0.000016622236292 29
0.000017856819651 30
0.000014765673886 26
0.000016421968220 28
0.000000705508452 1
0.000000705508452 1
0.000000705508452 1
0.000000705508452 1
0.000001302979129 2
0.000000705508452 1
0.000000705508452 1
0.000000705508452 1
0.000000705508452 1
0.000000705508452 1
0.000000705508452 1
0.000000705508452 1
0.000001164617364 2
0.000000705508452 1
0.000000705508452 1
0.000000705508452 1
0.000000705508452 1
0.000000705508452 1
0.000000705508452 1
0.000000705508452 1
0.000001302979129 2
0.000000705508452 1
0.000001739099403 3
0.000000705508452 1
0.000001300431136 2
0.000000705508452 1
0.000001300431136 2
0.000000705508452 1
0.000001279990491 2
0.000000705508452 1
