0.000000000000000 0
0.000000685917269 1
0.000000000000000 0
0.000000000000000 0
0.000000000000000 0
0.000000000000000 0
0.000000000000000 0
0.000000000000000 0
0.000000000000000 0
0.000000000000000 0
0.000001697469305 2
0.000001010012523 2
0.000001593908210 2
0.000000430754471 1
0.000000000000000 0
0.000001342475835 2
0.000000000000000 0
0.000000901239614 2
0.000000888974435 1
0.000000000000000 0
0.000000000000000 0
0.000000000000000 0
0.000000840539201 1
0.000000514980748 1
0.000000771485890 1
0.000000000000000 0
0.000000000000000 0
0.000002396757538 2
0.000000000000000 0
0.000000000000000 0
0.000000000000000 0
0.000000000000000 0
0.000000000000000 0
0.000000000000000 0
0.000000000000000 0
0.000000000000000 0
0.000000000000000 0
0.000000000000000 0
0.000000000000000 0
0.000000000000000 0
0.000000000000000 0
0.000000000000000 0
0.000000911290293 2
0.000000000000000 0
0.000000000000000 0
0.000000000000000 0
0.000000000000000 0
0.000001774799355 2
0.000000000000000 0
0.000000000000000 0
0.000000879113054 1
0.000001971663807 2
0.000000000000000 0
0.000000000000000 0
0.000000737696437 1
0.000001389948654 1
0.000001182144908 1
0.000005200616326 7
0.000001275290588 2
0.000003224018723 4
0.000000000000000 0
0.000000000000000 0
0.000003625711321 6
0.000001252327133 2
0.000000000000000 0
0.000000000000000 0
0.000001317017524 2
0.000001139879539 2
0.000000000000000 0
0.000001402731101 2
0.000000000000000 0
0.000002373630254 2
0.000000795598370 1
0.000000000000000 0
0.000000000000000 0
0.000000000000000 0
0.000000000000000 0
0.000000000000000 0
0.000000000000000 0
0.000000000000000 0
0.000000000000000 0
0.000000000000000 0
0.000000586905527 1
0.000000000000000 0
0.000000000000000 0
0.000000000000000 0
0.000000000000000 0
0.000001443578530 3
0.000000000000000 0
0.000000000000000 0
0.000000000000000 0
0.000000000000000 0
0.000001192125947 2
0.000000000000000 0
0.000000000000000 0
0.000000000000000 0
0.000000000000000 0
0.000000491786320 1
0.000000000000000 0
0.000000000000000 0
0.000000000000000 0
0.000000000000000 0
0.000000000000000 0
0.000000000000000 0
0.000000000000000 0
0.000000000000000 0
0.000000000000000 0
0.000000490349610 1
0.000000000000000 0
0.000000000000000 0
0.000000000000000 0
0.000000000000000 0
0.000001443417263 3
0.000000000000000 0
0.000000000000000 0
0.000000000000000 0
0.000000000000000 0
0.000001086195255 1
0.000000000000000 0
0.000000000000000 0
0.000000000000000 0
0.000000000000000 0
0.000000000000000 0
0.000000000000000 0
0.000000000000000 0
