0.000000000000000 0
0.000000136292921 1
0.000000000000000 0
0.000000000000000 0
0.000000168968760 1
0.000004966768358 30
0.000000440656573 5
0.000000070136420 1
0.000000161963344 2
0.000000000000000 0
0.000000000000000 0
0.000000260699503 2
0.000000035105953 1
0.000000045102324 1
0.000000000000000 0
0.000000000000000 0
0.000000350544443 2
0.000000164303033 1
0.000000000000000 0
0.000000098464015 1
0.000000156893288 1
0.000000366048788 3
0.000000303879273 2
0.000000506976110 6
0.000000000000000 0
0.000000000000000 0
0.000000000000000 0
0.000000390940723 3
0.000000164264099 2
0.000000000000000 0
0.000002842938297 22
0.000000000000000 0
0.000000402870678 4
0.000000167219592 2
0.000000246486455 2
0.000000000000000 0
0.000000386161072 4
0.000000526596045 4
0.000000260031617 2
0.000000221263095 2
0.000000128874293 1
0.000000108431679 1
0.000000142354883 2
0.000001542290619 17
0.000000195368528 2
0.000000141909815 1
0.000000103912180 1
0.000000064025054 1
0.000004628515252 30
0.000000062250626 1
0.000000051621640 1
0.000000044948552 1
0.000000446106575 3
0.000000000000000 0
0.000000000000000 0
0.000000057781554 1
0.000000229187783 3
0.000000313528100 4
0.000000076215142 1
0.000000146722872 1
0.000000072075485 1
0.000000111863133 1
0.000000156344920 1
0.000000115700979 1
0.000000203269270 2
0.000000096517113 1
0.000000000000000 0
0.000000000000000 0
0.000000000000000 0
0.000000478365242 4
0.000000000000000 0
0.000000122895796 1
0.000000000000000 0
0.000000000000000 0
0.000000159298371 1
0.000000000000000 0
0.000000000000000 0
0.000000000000000 0
0.000000115506359 1
0.000000073076618 1
0.000000000000000 0
0.000002653528149 20
0.000002993365665 23
0.000000122048322 1
0.000000000000000 0
0.000000377371196 7
0.000004357616015 35
0.000000830172514 9
0.000000290374343 3
0.000000000000000 0
0.000000169777006 2
0.000003074645772 27
0.000000429877562 4
0.000000279255590 3
0.000000000000000 0
0.000000078147470 1
0.000000074042147 1
0.000000000000000 0
0.000000000000000 0
0.000000000000000 0
0.000000000000000 0
0.000000000000000 0
0.000000000000000 0
0.000000000000000 0
0.000000000000000 0
0.000000154591947 1
0.000000000000000 0
0.000000000000000 0
0.000000000000000 0
0.000000000000000 0
0.000000172902771 2
0.000000589844198 9
0.000000234140047 2
0.000000270959209 2
0.000000068774914 1
0.000000122472605 1
0.000000135611595 3
0.000000283977721 3
0.000000389396841 3
0.000000288674789 2
0.000000118262329 1
0.000000177728662 1
0.000000183491153 1
0.000000188052175 1
0.000000000000000 0
