0.000014915853088
0.000014509711957
0.000015398714265
0.000015368051498
0.000015441378501
0.000015433605049
0.000014845086916
0.000015440388719
0.000014468899225
0.000015247552228
0.000015479831449
0.000014431411050
0.000015260875938
0.000015043818494
0.000014472223965
0.000015279186285
0.000014674367212
0.000015397609970
0.000015518572644
0.000015468219971
0.000015344343381
0.000014638096274
0.000014687830745
0.000015507546627
0.000015118859480
0.000015304542465
0.000015405945019
0.000015292643051
0.000014937793587
0.000015320427047
0.000006475351350
0.000007563104631
0.000008777146165
0.000008635714931
0.000003363491175
0.000003621362582
0.000003450368214
0.000007600431939
0.000007602045208
0.000008431581378
0.000008890546928
0.000006142903986
0.000006346921350
0.000009091429315
0.000005776038649
0.000008980018355
0.000008874374444
0.000009269313824
0.000001869098990
0.000007058672542
0.000008456868299
0.000005444092320
0.000006787044397
0.000006427786467
0.000007536528249
0.000007736436042
0.000006977979020
0.000009097872867
0.000003718096207
0.000005733421507
0.000015037567024
0.000014853067372
0.000015081478352
0.000014902348991
0.000015050635482
0.000015057172597
0.000014772296224
0.000015042236913
0.000014979260571
0.000015113174978
0.000015019024107
0.000015086316090
0.000014869822261
0.000015084462223
0.000015024146333
0.000015112075145
0.000015046370693
0.000015101647932
0.000014953334498
0.000014956106341
0.000015115980522
0.000015016981713
0.000014955025182
0.000015045210355
0.000015085110375
0.000014991499598
0.000014987501085
0.000015111020299
0.000014992423767
0.000015113443462
0.000012166476071
0.000013007533444
0.000012450434613
0.000006222997275
0.000012375415484
0.000012547463094
0.000012296668709
0.000012099592774
0.000013108673749
0.000012769588303
0.000011353083677
0.000012560154132
0.000011368499539
0.000013288093155
0.000011855804039
0.000013245757188
0.000013336312063
0.000012443087653
0.000011844282633
0.000005631761847
0.000012380924543
0.000011365573633
0.000010328416373
0.000008665483810
0.000012628451460
0.000013374667614
0.000012736208416
0.000011171485667
0.000012386149204
0.000013251045272
0.000000141680946
0.000000205625371
0.000000089124528
0.000000141828325
0.000000038653094
0.000000305732205
0.000000055023954
0.000000127032080
0.000000281530734
0.000000282641629
0.000000261650358
0.000000228251187
0.000000157276071
0.000000202332123
0.000000161556420
0.000000275140261
0.000000212079088
0.000000080026732
0.000000234497833
0.000000167227671
0.000000242506918
0.000006079704838
0.000000196159973
0.000000055874488
0.000000212185231
0.000000026947305
0.000000282757024
0.000000243818260
0.000000217732759
0.000000139417509
0.000000114395812
0.000000102653292
0.000000146329375
0.000000027004550
0.000000051047850
0.000000140169048
0.000000160632346
0.000000054311252
0.000000094420659
0.000000058849368
0.000000244982649
0.000000254777241
0.000000150274654
0.000000158827757
0.000000072652181
0.000000213107024
0.000000219586589
0.000000124450148
0.000000260163731
0.000000252543946
0.000001857220392
0.000000150394481
0.000000140553675
0.000000180761813
0.000000150727508
0.000000093155233
0.000000193646063
0.000000027004550
0.000000164316436
0.000000859382553
