0.001598458989191
0.001299698092621
0.002104833253610
0.004056304052073
0.005474506796858
0.003297372565520
0.000456336562919
0.003597064927579
0.001005194877706
0.000833263782447
0.001872987344379
0.002085360007621
0.000767203649798
0.002113415376645
0.000532365516249
0.001183362349642
0.004830821541310
0.002294092288260
0.005218646810047
0.005368595915782
0.008452315418128
0.004248069655190
0.003082062426910
0.002389082239662
0.003438073700124
0.004108747471892
-0.002959086369408
0.001560670313794
0.000347972951099
0.001694635377901
0.002473871481999
0.005583484446275
0.001816627768323
0.000406016811473
-0.002067687347314
0.002262317353556
0.000559375510600
0.001783210185273
0.003319997455770
-0.010299714109081
0.003072725877654
0.003951310999178
0.001508179494231
0.004468623643824
0.005175765764341
0.004827326393225
0.002434305456079
0.002978627497008
0.001018345832190
0.003663234560296
0.001144615227938
0.003824444861260
0.003026128012176
0.002201191943272
0.003572753489814
0.002059574883217
0.002501711869709
0.005485279607117
-0.002070533155827
0.002503952311377
0.000436882750231
0.000905725152310
0.000405038088926
0.000438494137669
0.000480911161307
0.000299703904754
0.000242540322695
0.000360419353082
0.000406400776221
0.000545763651570
0.000051032952072
0.000226317402934
0.000059094628343
0.000464552061148
0.000079784699481
0.000311421360304
0.000499812569963
0.000302107896197
0.000167954885994
0.000545182532402
0.000578364083173
0.000265977091206
0.000059094628343
0.000333550513360
0.000545763651570
0.000438494137669
0.000494215075040
0.000476882361687
0.000058546450883
0.000268727714991
