0.002537684969296
0.002537684969296
0.003945639837810
0.004165599751989
0.005610396409349
0.002537684969296
0.002537684969296
0.004355394217457
0.002537684969296
0.002537684969296
0.002537684969296
0.002537684969296
0.002537684969296
0.002537684969296
0.002537684969296
0.004037537041215
0.003986452527585
0.004033557476001
0.004629880642248
0.004033557476001
0.009355284116918
0.005744426016530
0.004295658458241
0.004629880642248
0.004044620679918
0.003951286214456
0.002537684969296
0.004344030107778
0.002537684969296
0.004037537041215
0.002537684969296
0.006134524467045
0.003963314556770
0.002537684969296
0.002537684969296
0.002537684969296
0.002537684969296
0.002537684969296
0.004778434859208
0.004778434859208
0.004550450623752
0.002537684969296
0.002537684969296
0.004550450623752
0.006608629265099
0.004355394217457
0.002537684969296
0.004165599751989
0.002537684969296
0.005728489203401
0.003963314556770
0.006676453390956
0.004221553492779
0.002537684969296
0.004344030107778
0.002537684969296
0.004469767895506
0.002537684969296
0.002537684969296
0.004112032161078
0.002537684969296
0.002537684969296
0.002537684969296
0.002537684969296
0.002537684969296
0.002537684969296
0.002537684969296
0.002537684969296
0.002537684969296
0.002537684969296
0.002537684969296
0.002537684969296
0.002537684969296
0.002537684969296
0.002537684969296
0.002537684969296
0.002537684969296
0.002537684969296
0.002537684969296
0.002537684969296
0.002537684969296
0.002537684969296
0.002537684969296
0.002537684969296
0.002537684969296
0.002537684969296
0.002537684969296
0.002537684969296
0.002537684969296
0.002537684969296
