0.000431977905104
0.001331163589415
0.002136250088975
0.000950572141711
0.005176188910689
0.001845809818579
0.000431977905104
0.003651411814150
0.000431977905104
0.000888281132610
0.001048800874648
0.000856846812764
0.000431977905104
0.000431977905104
0.000431977905104
0.001835060290458
0.004450726241687
0.002493691255637
0.003359357210292
0.002194260586775
0.013734822744579
0.005474897952610
0.004640097884085
0.003358301375601
0.001507480901474
0.006249712338055
0.001606177274866
0.002087393748918
0.000431977905104
0.002092685113322
0.002240002561881
0.005562086895249
0.002080234413689
0.000431977905104
0.002061584716379
0.000431977905104
0.000431977905104
0.000431977905104
0.005237314446333
0.004682676323233
0.003836827492449
0.001527417948139
0.001900917072089
0.003962374664740
0.011671654444857
0.004340986787387
0.002500258594317
0.002915746356307
0.001331163589415
0.003423451019526
0.001149607753081
0.011516999601844
0.002413844337331
0.000431977905104
0.002087393748918
0.002002530839742
0.003017979871772
0.006271184143880
0.002343966912792
0.003228161411313
0.000431977905104
0.000431977905104
0.000431977905104
0.000431977905104
0.000431977905104
0.000431977905104
0.000431977905104
0.000431977905104
0.000431977905104
0.000431977905104
0.000431977905104
0.000431977905104
0.000431977905104
0.000431977905104
0.000431977905104
0.000431977905104
0.000431977905104
0.000431977905104
0.000431977905104
0.000431977905104
0.000431977905104
0.000431977905104
0.000431977905104
0.000431977905104
0.000431977905104
0.000431977905104
0.000431977905104
0.000431977905104
0.000431977905104
0.000431977905104
