0.000045936149909
0.000055584657428
0.000062547097313
0.000043137533313
0.000064513929316
0.000049138866093
0.000019254534987
0.000054917106914
0.000048792336913
0.000044942221978
0.000047974779246
0.000023963181292
0.000025520704254
0.000038603635748
0.000036177861304
0.000053936869248
0.000026059489484
0.000049644690312
0.000058569915239
0.000054843339513
0.000045835293088
0.000024965835878
0.000025200943712
0.000057370694725
0.000038923281268
0.000046299226076
0.000048922879048
0.000055999849391
0.000037504863112
0.000030885491626
0.000002626465297
0.000003485189503
0.000002168887933
0.000007763668890
0.000000402818607
0.000000514674585
0.000000625502673
0.000003259335768
0.000003132763645
0.000003316859464
0.000006548830377
0.000001931184061
0.000002610011836
0.000005510898309
0.000001071672994
0.000007226759662
0.000006321292961
0.000005483304497
0.000000237103351
0.000002725539377
0.000001627917711
0.000000834860674
0.000002502998984
0.000002865899955
0.000003465627002
0.000004322873588
0.000002928480843
0.000008141565749
0.000000602031864
0.000001078949344
0.000000090077748
0.000000076892584
0.000000065743123
0.000000088496917
0.000000540932598
0.000001637078362
0.000000051810265
0.000000041491379
0.000000076909848
0.000000047831349
0.000000024645395
0.000000080816126
0.000000119410496
0.000000087251736
0.000000058155679
0.000000080645286
0.000000049696827
0.000000067015349
0.000000347291516
0.000000144827516
0.000000007985315
0.000000042470249
0.000000143560002
0.000000056577360
0.000000254208229
0.000000122335469
0.000000109381974
0.000000892425611
0.000000159289964
-0.000000365860079
