0.001819772476159
0.001819772476159
0.003528065917999
0.003827161941789
0.005982061215950
0.001819772476159
0.001819772476159
0.007624742099470
0.001819772476159
0.001819772476159
0.002882732194875
0.001819772476159
0.001819772476159
0.001819772476159
0.001819772476159
0.003652038191433
0.003582947347205
0.003646640119961
0.007818313148348
0.003646640119961
0.012880893906443
0.008535504281127
0.004007791749855
0.007818313148348
0.003661653358644
0.003535641842943
0.001819772476159
0.006540500900982
0.001819772476159
0.003652038191433
0.001819772476159
0.009660993144335
0.003551798705709
0.001819772476159
0.002957556371134
0.001819772476159
0.001819772476159
0.001819772476159
0.008574134438339
0.008574134438339
0.007440735157978
0.001819772476159
0.001819772476159
0.007440735157978
0.013170901719349
0.006587146982000
0.001819772476159
0.003827161941789
0.001819772476159
0.006171925560579
0.003551798705709
0.013227418695894
0.005037287282338
0.001819772476159
0.006540500900982
0.001819772476159
0.004253906978271
0.002882732194875
0.002957556371134
0.003753576618032
0.001819772476159
0.001819772476159
0.001819772476159
0.001819772476159
0.001819772476159
0.001819772476159
0.001819772476159
0.001819772476159
0.001819772476159
0.001819772476159
0.001819772476159
0.001819772476159
0.001819772476159
0.001819772476159
0.001819772476159
0.001819772476159
0.001819772476159
0.001819772476159
0.001819772476159
0.001819772476159
0.001819772476159
0.001819772476159
0.001819772476159
0.001819772476159
0.001819772476159
0.001819772476159
0.001819772476159
0.001819772476159
0.001819772476159
0.001819772476159
