0.000065940411871
0.000071886240035
0.000110533935727
0.000078779660515
0.000111887776904
0.000086915828585
0.000025912857647
0.000094709555142
0.000064602031370
0.000070575191069
0.000091683641326
0.000044054830824
0.000047801699041
0.000068769982985
0.000055258902333
0.000090516403546
0.000049022534204
0.000088774667133
0.000099525560090
0.000101065317911
0.000077724987431
0.000045424903504
0.000046037582547
0.000099278692305
0.000059580262341
0.000083791949511
0.000092050145463
0.000104493680766
0.000047828369857
0.000057563471584
0.000003342902034
0.000004544251651
0.000002849339456
0.000007527287072
0.000000415346437
0.000000448336578
0.000000691804699
0.000003767065866
0.000003665775135
0.000004012440816
0.000008293641976
0.000002295439040
0.000003310233239
0.000007127395809
0.000001158362093
0.000009690055373
0.000007877377149
0.000007065598719
0.000000151396690
0.000002988780552
0.000001560960267
0.000000866416065
0.000002916818044
0.000003546563148
0.000004451100759
0.000005536041081
0.000003218791391
0.000010075496931
0.000000590191553
0.000001296548004
0.000000046940054
0.000000030706891
0.000000026254377
0.000000035341057
0.000000085154790
0.000001175340589
0.000000049254302
0.000000028874930
0.000000072352085
0.000000019101349
0.000000017646164
0.000000049188999
0.000000053373356
0.000000036435507
0.000000042122187
0.000000033869556
0.000000039634106
0.000000043014807
0.000000118287706
0.000000060193758
0.000000004860892
0.000000028058031
0.000000080920501
0.000000040345592
0.000000126268071
0.000000052582773
0.000000062556816
0.000001154730891
0.000000068969497
-0.000000146105451
