0.002607709164828
0.002607709164828
0.002607709164828
0.006675943140313
0.004158727846854
0.002607709164828
0.002607709164828
0.006950882436514
0.002607709164828
0.002607709164828
0.002607709164828
0.002607709164828
0.002607709164828
0.002607709164828
0.002607709164828
0.004122275410138
0.002607709164828
0.004115441029140
0.007885993466418
0.004115441029140
0.007810346037234
0.006696758037875
0.006696758037875
0.007885993466418
0.004151257217091
0.002607709164828
0.002607709164828
0.004267346565350
0.002607709164828
0.004122275410138
0.002607709164828
0.009009103341285
0.004059042398842
0.002607709164828
0.002607709164828
0.002607709164828
0.002607709164828
0.002607709164828
0.008742820836333
0.008742820836333
0.007528847823587
0.002607709164828
0.002607709164828
0.007528847823587
0.011390805332112
0.006950882436514
0.002607709164828
0.006675943140313
0.002607709164828
0.005809358845387
0.004059042398842
0.011453225764498
0.004265810793124
0.002607709164828
0.004267346565350
0.002607709164828
0.008016002224602
0.002607709164828
0.002607709164828
0.004216992721555
0.002607709164828
0.002607709164828
0.002607709164828
0.002607709164828
0.002607709164828
0.002607709164828
0.002607709164828
0.002607709164828
0.002607709164828
0.002607709164828
0.002607709164828
0.002607709164828
0.002607709164828
0.002607709164828
0.002607709164828
0.002607709164828
0.002607709164828
0.002607709164828
0.002607709164828
0.002607709164828
0.002607709164828
0.002607709164828
0.002607709164828
0.002607709164828
0.002607709164828
0.002607709164828
0.002607709164828
0.002607709164828
0.002607709164828
0.002607709164828
