0.000013705907967
0.000011686353837
0.000016568363579
0.000017258786714
0.000017156367777
0.000017390173327
0.000017002483049
0.000017253877038
0.000011684586086
0.000017060424763
0.000017552744754
0.000011407758773
0.000015318543072
0.000017162545660
0.000012571396460
0.000017009251463
0.000013739656305
0.000017414470051
0.000017553682766
0.000017510810564
0.000016226707502
0.000013132782375
0.000013690150904
0.000017545087813
0.000015735753607
0.000016166161271
0.000017326337977
0.000016499622698
0.000013945961886
0.000017218803717
0.000006629125180
0.000007964538065
0.000007891691470
0.000007724713508
0.000002629272948
0.000002153976496
0.000002071537672
0.000007836954000
0.000007691909689
0.000008262059931
0.000007911614139
0.000005797084154
0.000006204991143
0.000008330938803
0.000006390050709
0.000008702358249
0.000007764289046
0.000008776048787
0.000001627225402
0.000006428036033
0.000007829514603
0.000005382582215
0.000005663366831
0.000006015919046
0.000008057682762
0.000008173154732
0.000005215790281
0.000008321091612
0.000004193522606
0.000005985310793
0.000000633378451
0.000000633378451
0.000000633378451
0.000000633378451
0.000001021015336
0.000000633378451
0.000000633378451
0.000000633378451
0.000000633378451
0.000000633378451
0.000000633378451
0.000000633378451
0.000000633378451
0.000000633378451
0.000000633378451
0.000000633378451
0.000000633378451
0.000000633378451
0.000000633378451
0.000000633378451
0.000001021015336
0.000000633378451
0.000000633378451
0.000000633378451
0.000001015219699
0.000000633378451
0.000001015219699
0.000000633378451
0.000000633378451
0.000000633378451
