0.000032301272803
0.000018629308723
0.000055975872380
0.000056520929736
0.000057197531093
0.000056107332523
0.000051803861504
0.000057401562178
0.000018338639784
0.000056485991505
0.000061033506301
0.000018914512574
0.000047711559978
0.000057071667304
0.000022523540571
0.000055859429066
0.000029322335103
0.000057719818105
0.000062219280594
0.000058459157358
0.000053068994339
0.000025389729320
0.000027529830773
0.000062002161207
0.000049479300763
0.000052576126722
0.000058367370865
0.000054983538456
0.000036749814150
0.000058184227490
0.000010218543274
0.000010169282301
0.000012666875576
0.000010804266184
0.000002937245408
0.000001427699634
0.000000874983480
0.000011320193638
0.000009676931023
0.000010456748499
0.000012485195545
0.000007828950971
0.000010010249380
0.000011884430086
0.000008078878389
0.000014501681782
0.000011604133285
0.000013613884539
0.000000838575877
0.000009472917589
0.000012154331325
0.000006106798290
0.000009366262628
0.000009439508184
0.000011541375395
0.000014077995853
0.000009116016131
0.000012181115869
0.000003619472398
0.000007983416893
0.000000101010396
0.000000101010396
0.000000101010396
0.000000101010396
0.000000300117887
0.000000101010396
0.000000101010396
0.000000101010396
0.000000101010396
0.000000101010396
0.000000101010396
0.000000163635971
0.000000175735416
0.000000165768630
0.000000101010396
0.000000165768630
0.000000163635971
0.000000101010396
0.000000101010396
0.000000167818959
0.000000300117887
0.000000101010396
0.000000262768195
0.000000101010396
0.000000297913800
0.000000167818959
0.000000297913800
0.000000101010396
0.000000188043175
0.000000101010396
