0.001441894696029
0.001275203111255
0.002812303974300
0.003671728565388
0.006336155315765
0.002825815456121
0.000357876332382
0.004274725046476
0.001002581999185
0.000839270127865
0.001974208675683
0.002242536419486
0.000711368614175
0.001638073389375
0.000417501103184
0.001234965021838
0.004884113690133
0.002601648399450
0.006122536440505
0.006618206308909
0.010322183446803
0.005020759183979
0.003632462981289
0.002840700212207
0.004155486306175
0.006378617158858
-0.003375955475471
0.001680486636263
0.000272893503670
0.001774820506482
0.002805988699483
0.006118157961079
0.001642337781960
0.000362948264439
-0.002296994371021
0.002341081507872
0.000440126482040
0.001690003935850
0.004242745382417
-0.014384254321854
0.003917276854226
0.003881839396771
0.001615514983877
0.004711707048539
0.008078333735016
0.005505847309572
0.002378804026536
0.004173688233816
0.001000694630761
0.004628937337807
0.001232779209150
0.004190329473554
0.003278491858565
0.001398142530174
0.003948531331718
0.002205171210138
0.002872818024035
0.006784314436836
-0.002504556532975
0.003534085718512
0.000342619919240
0.000710303802048
0.000317646135591
0.000343883630004
0.000377148658677
0.000235039098222
0.000190209262623
0.000282654441221
0.000318714806329
0.000428008425891
0.000040021964493
0.000177486637490
0.000046344234877
0.000364319235743
0.000062570168491
0.000244228368505
0.000391971855757
0.000236924398920
0.000131716551970
0.000427552690336
0.000453574913094
0.000208589259843
0.000046344234877
0.000261582884400
0.000428008425891
0.000343883630004
0.000387582089263
0.000373989122166
0.000045914333451
0.000210746402689
