0.000885557704841
0.001746934013099
0.001243335028787
0.002993998025528
0.007037533967389
0.001633504110441
0.001548886441581
0.008640159893641
0.001989315641011
0.002233615946497
0.004844409429820
0.000448300994864
0.001743174033485
0.003333950559149
0.001440109404634
0.002837348103794
0.002772802284738
0.004484448753708
0.010178942172664
0.007911501338731
0.013777837947081
0.001127353926782
0.001527580891199
0.005034792582149
0.004664014568087
0.007574556727078
0.002541571213463
0.003928298278492
0.001494944511576
0.005374381533187
0.002957941856740
0.008505576081923
0.180156351876441
0.001679500583367
0.002371346494947
0.001335067370925
0.001212525573379
0.001556775311154
0.010785380536476
0.004465113663336
0.003664479385394
0.002343361805578
0.001231657988648
0.007174188078618
0.009090309103834
0.003694579756093
0.002676570624263
0.007373864402409
0.001514972907319
0.010850333049919
0.180156351876441
0.015282151415444
0.008267358054321
0.001697316690882
0.005475138221114
0.002505388346397
0.016479681190088
0.002310297254016
0.004878637816322
0.004481304472743
0.000930977779359
0.000629961701595
0.001730606117102
0.001915610525796
0.002149632365893
0.001287323786653
0.001062582038703
0.001781975141818
0.001759239112532
0.002359626369571
0.000210800907675
0.001102298576511
0.000235406027874
0.001998314089292
0.000343744814681
0.001332977618829
0.002098605257755
0.000857284640434
0.000133090356711
0.001661177268326
0.002512749460088
0.001218307340809
0.000235406027874
0.001442018704030
0.002359626369571
0.001915610525796
0.002136754472285
0.001768902150894
0.000235406027874
0.001161852755682
