0.002033093243938
0.002033093243938
0.003161091228551
0.005238486831470
0.004494828622809
0.002033093243938
0.002033093243938
0.005754593972418
0.002033093243938
0.002033093243938
0.002033093243938
0.002033093243938
0.002033093243938
0.002033093243938
0.002033093243938
0.003234715648303
0.003193788748082
0.003231527377400
0.006579888026160
0.003231527377400
0.013860458298976
0.006748172828865
0.003441512360827
0.006579888026160
0.003240390780624
0.003165614883122
0.002033093243938
0.005722465799165
0.002033093243938
0.003234715648303
0.002033093243938
0.007420600366774
0.003175251517216
0.002033093243938
0.003245814583857
0.002033093243938
0.002033093243938
0.002033093243938
0.007067372188155
0.007067372188155
0.006331176472464
0.002033093243938
0.002033093243938
0.006331176472464
0.009438837333002
0.005754593972418
0.002033093243938
0.005238486831470
0.002033093243938
0.006593458769879
0.003175251517216
0.009459164290123
0.004588814856940
0.002033093243938
0.005722465799165
0.002033093243938
0.006673418569189
0.002033093243938
0.003245814583857
0.003294398204150
0.002033093243938
0.002033093243938
0.002033093243938
0.002033093243938
0.002033093243938
0.002033093243938
0.002033093243938
0.002033093243938
0.002033093243938
0.002033093243938
0.002033093243938
0.002033093243938
0.002033093243938
0.002033093243938
0.002033093243938
0.002033093243938
0.002033093243938
0.002033093243938
0.002033093243938
0.002033093243938
0.002033093243938
0.002033093243938
0.002033093243938
0.002033093243938
0.002033093243938
0.002033093243938
0.002033093243938
0.002033093243938
0.002033093243938
0.002033093243938
