0.000895608901242
0.001398652743821
0.002599633398156
0.001515191179598
0.003591629778280
0.002137959866002
0.000895608901242
0.002294130820272
0.000895608901242
0.001448252667349
0.001617854293721
0.001413880926098
0.000895608901242
0.000895608901242
0.000895608901242
0.001604965217746
0.002311387071015
0.002214305537864
0.002287470045544
0.002646485467672
0.004397857716684
0.002859428298684
0.002342680649359
0.002281468543016
0.002060528335237
0.003509596217664
0.001895401050205
0.001688382207132
0.000895608901242
0.001604965217746
0.002102516873850
0.002944404369236
0.002059870816133
0.000895608901242
0.001583162981963
0.000895608901242
0.000895608901242
0.000895608901242
0.002863851098481
0.002840189681950
0.002338408258322
0.002078656072226
0.001540691201207
0.002785128084736
0.004242019309321
0.003289983411472
0.001613206845058
0.002707045455379
0.001398652743821
0.002768497081683
0.001465658535097
0.004311712535843
0.002235685644317
0.000895608901242
0.001688382207132
0.001555107968465
0.001677018972484
0.003432239116460
0.002130690055465
0.003423320334324
0.000895608901242
0.000895608901242
0.000895608901242
0.000895608901242
0.000895608901242
0.000895608901242
0.000895608901242
0.000895608901242
0.000895608901242
0.000895608901242
0.000895608901242
0.000895608901242
0.000895608901242
0.000895608901242
0.000895608901242
0.000895608901242
0.000895608901242
0.000895608901242
0.000895608901242
0.000895608901242
0.000895608901242
0.000895608901242
0.000895608901242
0.000895608901242
0.000895608901242
0.000895608901242
0.000895608901242
0.000895608901242
0.000895608901242
0.000895608901242
