0.000969669115212
0.001912860053676
0.001361428589787
0.002558179712703
0.006615785648805
0.001769587349635
0.001696001668961
0.007845949961757
0.001386705411224
0.002430083404715
0.004742227560996
0.000490881200245
0.001908742946360
0.004297735336230
0.001576892849067
0.003093131395505
0.003251788064992
0.003908743281774
0.009187949557324
0.006908115400990
0.013772829826951
0.001048317743530
0.001252721952518
0.004395421845689
0.004256847967724
0.005810571232062
0.002533144407558
0.003362495974658
0.001636936265030
0.005291890700552
0.003188565335479
0.006109568946746
0.158115359145401
0.001839021710013
0.002284019228455
0.001461873787825
0.001327692812657
0.001704639833518
0.008221897014638
0.003726507515398
0.003044989039115
0.002565937325389
0.001348642449348
0.008000872116031
0.006295423841898
0.002481937064668
0.002923321177430
0.006389977235413
0.001658866983574
0.008867728813952
0.158115359145401
0.010976787790402
0.007620956347920
0.001831506431245
0.005005021961528
0.002056624677256
0.013275664935598
0.002509699269385
0.004714822666235
0.004295235045670
0.001019403246856
0.000689796274668
0.001894981313107
0.002097557678608
0.002353807214224
0.001409595456481
0.001163507448106
0.001951229433894
0.001926333907288
0.002583746718599
0.000230823049151
0.001206996313783
0.000257765195329
0.002188116532991
0.000376394139521
0.001459585548386
0.002297933485692
0.000938710638765
0.000145731450057
0.001818958022930
0.002751413637297
0.001334023739797
0.000257765195329
0.001578983496177
0.002583746718599
0.002097557678608
0.002339706161710
0.001936914753469
0.000257765195329
0.001272207025527
