0.002381510256097
0.002381510256097
0.002381510256097
0.005012263854746
0.006168161922762
0.002381510256097
0.002381510256097
0.005157001468194
0.002381510256097
0.002381510256097
0.002381510256097
0.002381510256097
0.002381510256097
0.002381510256097
0.002381510256097
0.003823299111170
0.002381510256097
0.004721590307591
0.009359355195402
0.004721590307591
0.012344375948932
0.006379615258416
0.005023358206291
0.009359355195402
0.004783361367126
0.002381510256097
0.002381510256097
0.004985406761148
0.002381510256097
0.003823299111170
0.002381510256097
0.011734948328869
0.004624865507308
0.002381510256097
0.002381510256097
0.002381510256097
0.002381510256097
0.002381510256097
0.010694181913851
0.010694181913851
0.008818997045266
0.002381510256097
0.002381510256097
0.008818997045266
0.015775385500531
0.005157001468194
0.002381510256097
0.005012263854746
0.002381510256097
0.007918739052372
0.004624865507308
0.015949657755766
0.006310418098000
0.002381510256097
0.004985406761148
0.002381510256097
0.005414441441855
0.002381510256097
0.002381510256097
0.004897427361913
0.002381510256097
0.002381510256097
0.002381510256097
0.002381510256097
0.002381510256097
0.002381510256097
0.002381510256097
0.002381510256097
0.002381510256097
0.002381510256097
0.002381510256097
0.002381510256097
0.002381510256097
0.002381510256097
0.002381510256097
0.002381510256097
0.002381510256097
0.002381510256097
0.002381510256097
0.002381510256097
0.002381510256097
0.002381510256097
0.002381510256097
0.002381510256097
0.002381510256097
0.002381510256097
0.002381510256097
0.002381510256097
0.002381510256097
0.002381510256097
