0.000550825228256
0.001353375046388
0.001598849294526
0.000931886146058
0.005539421050990
0.002044548586363
0.000550825228256
0.002845759378902
0.000550825228256
0.000890717036152
0.002382269257097
0.000869577426894
0.000550825228256
0.000550825228256
0.000550825228256
0.001755167951372
0.003627710708869
0.002142896006359
0.002699808430752
0.003222636990530
0.008582298723925
0.004377079502672
0.003733220063513
0.002699324775481
0.001267284178408
0.005255421610411
0.001483015934678
0.001945217148251
0.000550825228256
0.001755167951372
0.001965460965252
0.004234546161435
0.002582510576681
0.000550825228256
0.001891776752018
0.000550825228256
0.000550825228256
0.000550825228256
0.003931640114240
0.003378998217443
0.002944566513779
0.001978973246548
0.001778600362073
0.002996776059865
0.007145936236192
0.003111627453944
0.002325314221417
0.002301885430498
0.001353375046388
0.004108346551871
0.000901422145337
0.007080079016302
0.003143326762599
0.000550825228256
0.001945217148251
0.001849025187939
0.002473087772079
0.004641010525422
0.002044969910059
0.003329579976846
0.000550825228256
0.000550825228256
0.000550825228256
0.000550825228256
0.000550825228256
0.000550825228256
0.000550825228256
0.000550825228256
0.000550825228256
0.000550825228256
0.000550825228256
0.000550825228256
0.000550825228256
0.000550825228256
0.000550825228256
0.000550825228256
0.000550825228256
0.000550825228256
0.000550825228256
0.000550825228256
0.000550825228256
0.000550825228256
0.000550825228256
0.000550825228256
0.000550825228256
0.000550825228256
0.000550825228256
0.000550825228256
0.000550825228256
0.000550825228256
