0.000000000000000
0.000000000000000
0.000000000000000
0.000000000000000
0.000000000000000
0.000000000000000
0.000000000000000
0.000000000000000
0.000000000000000
0.000000000000000
0.000000000000000
0.000000000000000
0.000000000000000
0.000000000000000
0.000000000000000
0.000000000000000
0.000000000000000
0.000000000000000
0.000000000000000
0.000000000000000
0.000000000000000
0.000000000000000
0.000000000000000
0.000000000000000
0.000000000000000
0.000000000000000
0.000000000000000
0.000030352065144
0.000000000000000
0.000000000000000
0.000000000000000
0.000000000000000
0.000000000000000
0.000000000000000
0.000000000000000
0.000000000000000
0.000000000000000
0.000000000000000
0.000000000000000
0.000000000000000
0.000000000000000
0.000000000000000
0.000000000000000
0.000000000000000
0.000000000000000
0.000037877559142
0.000000000000000
0.000000000000000
0.000035379746169
0.000000000000000
0.000000000000000
0.000023066697324
0.000000000000000
0.000000000000000
0.000000000000000
0.000000000000000
0.000000000000000
0.000000000000000
0.000036883155639
0.000000000000000
0.000000000000000
0.000035116298511
0.000034556874422
0.000034217706365
0.000000000000000
0.000000000000000
0.000000000000000
0.000000000000000
0.000000000000000
0.000028253097409
0.000000000000000
0.000000000000000
0.000000000000000
0.000025022244510
0.000033520086963
0.000000000000000
0.000000000000000
0.000000000000000
0.000000000000000
0.000000000000000
0.000000000000000
0.000000000000000
0.000027123604105
0.000000000000000
0.000032411312405
0.000000000000000
0.000000000000000
0.000000000000000
0.000000000000000
0.000000000000000
