0.000039621890825
0.000036609666136
0.000042276962707
0.000040340409227
0.000042181155479
0.000041264136263
0.000037313270405
0.000041983896818
0.000036050642334
0.000038604227322
0.000042367445231
0.000038141205551
0.000041053354428
0.000040074192042
0.000035604926360
0.000039773605173
0.000039302667638
0.000041659955494
0.000042566622740
0.000042250293847
0.000024901241918
0.000018508379763
0.000019109449975
0.000028949688677
0.000016477244855
0.000021770204501
0.000025053031303
0.000017818053048
0.000012099785088
0.000017649632784
0.000024989148667
0.000023832091871
0.000021331848698
0.000013447855576
0.000019439668064
0.000009685960411
0.000007247251436
0.000010302366829
0.000025120808704
0.000025480001756
0.000000202826911
0.000000120585405
0.000000287391644
0.000000120585405
0.000000120585405
0.000000190018082
0.000000120585405
0.000000297917928
0.000000120585405
0.000000201410941
0.000000272259589
0.000000120585405
0.000000120585405
0.000003480202474
0.000000202270587
0.000000120585405
0.000000202270587
0.000000120585405
0.000000211937225
0.000000120585405
