0.000046203109777
0.000021878461443
0.000046510615419
0.000055281136975
0.000053117447005
0.000031285432991
0.000024232649776
0.000056305880510
0.000049138874104
0.000045536112566
0.000057400273834
0.000039557133638
0.000035626031861
0.000043886678895
0.000048235917965
0.000049047966709
0.000049128142231
0.000042173283247
0.000050716167903
0.000028869667484
0.000038216281434
0.000042389302584
0.000038555252317
0.000055274093640
0.000051945159264
0.000048665745638
0.000025648033936
0.000033409231472
0.000030275984545
0.000051330683803
0.000019957480399
0.000025640379943
0.000006425502533
0.000021834657127
0.000013453596244
0.000015145545026
0.000007503551420
0.000009436795591
0.000015369758044
0.000016651580611
0.000026782616689
0.000014429565973
0.000017377259151
0.000028314743172
0.000027632452341
0.000011433186692
0.000011976317382
0.000022817974737
0.000012758291311
0.000027323430704
0.000030114591113
0.000025083374275
0.000026935262447
0.000015518515525
0.000020868424894
0.000012271145126
0.000027627047457
0.000032480124280
0.000020606198421
0.000008343608790
0.000000415770903
0.000000975820217
0.000000072259853
0.000000268508683
0.000001919662152
0.000000147657918
0.000000039025538
0.000000154905468
0.000000245650798
0.000000276097624
0.000000209511108
0.000000165161487
0.000000132871899
0.000000094054756
0.000000030565131
0.000000060993076
0.000000119185499
0.000000058501911
0.000000167030077
0.000000149373451
0.000000048214447
0.000000038390977
0.000000122750711
0.000000091764377
0.000000092500324
0.000000177841788
0.000000093000806
0.000000233065841
0.000000129684218
0.000000083219223
