0.000009808314406
0.000006160303669
0.000006160303669
0.000006160303669
0.000006160303669
0.000017103244753
0.000006160303669
0.000015605783806
0.000006160303669
0.000006160303669
0.000020912599419
0.000009808314406
0.000018383184708
0.000006160303669
0.000006160303669
0.000006160303669
0.000023612383603
0.000006160303669
0.000020912599419
0.000006160303669
0.000006160303669
0.000022298481801
0.000018981932112
0.000022298481801
0.000006160303669
0.000010387106159
0.000006160303669
0.000015605783806
0.000006160303669
0.000006160303669
0.000006160303669
0.000006160303669
0.000018981932112
0.000021974055817
0.000023612383603
0.000006160303669
0.000006160303669
0.000006160303669
0.000006160303669
0.000017103244753
0.000006160303669
0.000006160303669
0.000006160303669
0.000006160303669
0.000010387106159
0.000102871229993
0.000083799694816
0.000058244265525
0.000116303468002
0.000053056266463
0.000043391468389
0.000056793066897
0.000065901785027
0.000023460069036
0.000058793680594
0.000006160303669
0.000052963720392
0.000041733146434
0.000033412459903
0.000072374037294
0.000053045185373
0.000126462048294
0.000037510815739
0.000043276641727
0.000039525370289
0.000067447038906
0.000030226933293
0.000040620771320
0.000026111985965
0.000040466976612
0.000044652132366
0.000065248124869
0.000009806043820
0.000067617887151
0.000096369208173
0.000050820772202
0.000036522137262
0.000049279967362
0.000100323856120
0.000006160303669
0.000043257344176
0.000023248826040
0.000049200906087
0.000009760900277
0.000019470414620
0.000040251352398
0.000040891337573
0.000065930629966
0.000061079589018
0.000009753063076
