27 3
27
1.878980043635514185e+00 3.918779225432067470e+00 1.142745862503102838e+00
1.878980043635514185e+00 3.918779225432067470e+00 4.966284242216421063e+01
1.878980043635514185e+00 3.918779225432067470e+00 9.818293898182531620e+01
4.987040713345596288e+01 3.918779225432067470e+00 1.142745862503102838e+00
4.987040713345596288e+01 3.918779225432067470e+00 4.966284242216421063e+01
4.987040713345596288e+01 3.918779225432067470e+00 9.818293898182531620e+01
9.786183422327640358e+01 3.918779225432067470e+00 1.142745862503102838e+00
9.786183422327640358e+01 3.918779225432067470e+00 4.966284242216421063e+01
9.786183422327640358e+01 3.918779225432067470e+00 9.818293898182531620e+01
1.878980043635514185e+00 5.137808151567734427e+01 1.142745862503102838e+00
1.878980043635514185e+00 5.137808151567734427e+01 4.966284242216421063e+01
1.878980043635514185e+00 5.137808151567734427e+01 9.818293898182531620e+01
4.987040713345596288e+01 5.137808151567734427e+01 1.142745862503102838e+00
4.987040713345596288e+01 5.137808151567734427e+01 4.966284242216421063e+01
4.987040713345596288e+01 5.137808151567734427e+01 9.818293898182531620e+01
9.786183422327640358e+01 5.137808151567734427e+01 1.142745862503102838e+00
9.786183422327640358e+01 5.137808151567734427e+01 4.966284242216421063e+01
9.786183422327640358e+01 5.137808151567734427e+01 9.818293898182531620e+01
1.878980043635514185e+00 9.883738380592261308e+01 1.142745862503102838e+00
1.878980043635514185e+00 9.883738380592261308e+01 4.966284242216421063e+01
1.878980043635514185e+00 9.883738380592261308e+01 9.818293898182531620e+01
4.987040713345596288e+01 9.883738380592261308e+01 1.142745862503102838e+00
4.987040713345596288e+01 9.883738380592261308e+01 4.966284242216421063e+01
4.987040713345596288e+01 9.883738380592261308e+01 9.818293898182531620e+01
9.786183422327640358e+01 9.883738380592261308e+01 1.142745862503102838e+00
9.786183422327640358e+01 9.883738380592261308e+01 4.966284242216421063e+01
9.786183422327640358e+01 9.883738380592261308e+01 9.818293898182531620e+01
