0.000018183434723
0.000014833519127
0.000025681999456
0.000035089802713
0.000028342466065
0.000025425820174
0.000019284512313
0.000034794065564
0.000036776937742
0.000014992631690
0.000036680785735
0.000027417662008
0.000017438099260
0.000034798744372
0.000028129380259
0.000024002376141
0.000027436430462
0.000025325114294
0.000034181874768
0.000022166796208
0.000018851635181
0.000015569845877
0.000015515062299
0.000013075369776
0.000013684912085
0.000016559295459
0.000020223746875
0.000016003421024
0.000004386702997
0.000014256547922
0.000017814433545
0.000014042277442
0.000009883261857
0.000016397314024
0.000011426416515
0.000010277454746
0.000002142277207
0.000006944209155
0.000007379891477
0.000014768996635
0.000000062740141
0.000000084383609
0.000000130406974
0.000000066351094
0.000000080587283
0.000000085556342
0.000000100645333
0.000000217485567
0.000000227476579
0.000000083832926
0.000000060847652
0.000000116968149
0.000000158771910
0.000006475979929
0.000000052134410
0.000000085826693
0.000000147780808
0.000000105621928
0.000000026852079
0.000000085301204
