0.000079115581195
0.000054740174485
0.000105163075389
0.000093900825421
0.000104687149644
0.000100243234585
0.000068313263626
0.000103953600815
0.000065905620324
0.000082247840389
0.000106574994315
0.000080209902557
0.000095984725135
0.000090855448878
0.000066543835948
0.000089060023818
0.000087139140796
0.000102762381983
0.000107665010859
0.000105881027994
0.000099417736065
0.000087215365548
0.000086531179098
0.000106363404063
0.000092830417986
0.000097490544769
0.000104137431866
0.000098262241576
0.000057151530879
0.000089050252931
0.000037059440440
0.000040972755948
0.000029440802406
0.000019966599926
0.000019770392562
0.000018538251288
0.000003179458276
0.000014529769546
0.000039367081247
0.000042221624979
0.000034587271457
0.000032581017356
0.000020925624348
0.000039782693820
0.000038385711330
0.000056386354482
0.000020270025548
0.000046450429451
0.000005543463081
0.000021334194522
0.000025756718971
0.000035109302037
0.000020009904116
0.000015148074103
0.000028748161139
0.000017163886322
0.000030878760214
0.000047262381524
0.000027712769624
0.000034234134212
0.000000173319281
0.000000125164793
0.000000105995552
0.000000192938950
0.000000175644362
0.000000061480397
0.000000070081299
0.000000113633002
0.000000046545918
0.000000126691582
0.000000171561916
0.000000097223829
0.000000248556854
0.000000053250360
0.000000099453663
0.000000086708890
0.000000135204046
0.000000084205494
0.000000103358179
0.000000096646116
0.000000154276694
0.000000067447274
0.000000268795371
0.000000141281689
0.000000159054907
0.000000107516185
0.000000191310923
0.000000152567765
0.000000274227393
0.000000062510611
