0.000040663044205
0.000016580571020
0.000052029960244
0.000037514867541
0.000066047467316
0.000074497091741
0.000016580571020
0.000063904068781
0.000016580571020
0.000027479467971
0.000073150916812
0.000028599945554
0.000039288385188
0.000047532620373
0.000016580571020
0.000031926987449
0.000053875327921
0.000060160926627
0.000084917022738
0.000039872404215
0.000064455277184
0.000056482934654
0.000057513686651
0.000089719724346
0.000016580571020
0.000041337081663
0.000054890718412
0.000036908573088
0.000027315769419
0.000031926987449
0.000086602066025
0.000063984553579
0.000044182045732
0.000016580571020
0.000029967407911
0.000016580571020
0.000038548167375
0.000016580571020
0.000076039090385
0.000076531031519
0.000016580571020
0.000016580571020
0.000016580571020
0.000016580571020
0.000016580571020
0.000016580571020
0.000016580571020
0.000016580571020
0.000016580571020
0.000016580571020
0.000016580571020
0.000016580571020
0.000016580571020
0.000040181965399
0.000016580571020
0.000016580571020
0.000016580571020
0.000016580571020
0.000016580571020
0.000016580571020
