0.000003332303151
0.000001546728844
0.000001235039311
0.000005054858993
0.000001613920796
0.000000778406599
0.000000456093336
0.000004643022964
0.000000456093336
0.000002195280403
0.000001674228521
0.000004284796173
0.000001827562026
0.000000456093336
0.000002920923388
0.000000456093336
0.000002151280952
0.000002676864673
0.000002032562544
0.000002713321570
0.000002909244679
0.000000456093336
0.000001685020655
0.000002500323985
0.000000456093336
0.000001235039311
0.000001878900521
0.000002824863934
0.000005823436448
0.000002140504685
0.000002878188321
0.000005424628113
0.000000456093336
0.000001712269960
0.000001770171259
0.000001712269960
0.000003945768561
0.000002878430972
0.000002594916451
0.000001279711755
0.000005275311212
0.000009254016020
0.000010570626338
0.000006860684844
0.000003960349865
0.000001499631733
0.000002185961105
0.000001743065069
0.000000456093336
0.000000456093336
0.000001402498960
0.000000456093336
0.000004109055227
0.000001917204496
0.000002357944339
0.000000456093336
0.000002588759861
0.000002566371037
0.000002933262811
0.000008527374905
0.000000712994691
0.000002893989464
0.000000456093336
0.000002196535636
0.000002229436262
0.000001608410229
0.000000712994691
0.000001273451101
0.000001258777492
0.000001273451101
0.000001608410229
0.000000456093336
0.000001168747060
0.000000456093336
0.000001695250388
0.000001991116626
0.000001430110460
0.000000456093336
0.000001258777492
0.000002185427820
0.000001797058065
0.000002273692739
0.000006124665122
0.000000456093336
0.000000720476902
0.000002796894254
0.000001561944579
0.000003095871886
0.000004398255477
0.000001787773059
