0.000005423238584
0.000005373899598
0.000005470441115
0.000005551372577
0.000005572267161
0.000005463977454
0.000005371410164
0.000005472473939
0.000005361659172
0.000005527792125
0.000005476321363
0.000005512458319
0.000005456196085
0.000005423318783
0.000005484113433
0.000005534366092
0.000005519971882
0.000005455397794
0.000005583569511
0.000005466740383
0.000005456556919
0.000005530128296
0.000005522374317
0.000005580730667
0.000005523147001
0.000005546069658
0.000005462993658
0.000005447977980
0.000005391096546
0.000005538417303
0.000005043641921
0.000005097450006
0.000004973042951
0.000004837576560
0.000004827409752
0.000004917689329
0.000004579261004
0.000004756314596
0.000005034922729
0.000005062972366
0.000005025571774
0.000005037437800
0.000004876982910
0.000005066479708
0.000005059445366
0.000005155577117
0.000004882621662
0.000005133547182
0.000004770706599
0.000004934908387
0.000004953405065
0.000005025126806
0.000004908543761
0.000004770810134
0.000005044124852
0.000004872519861
0.000005045953004
0.000005116734614
0.000004961712002
0.000005047338898
0.000005350407396
0.000005317116390
0.000005357988567
0.000005326640356
0.000005352687298
0.000005353675512
0.000005303498123
0.000005350995256
0.000005340193864
0.000005363640352
0.000005347139785
0.000005359018074
0.000005320245559
0.000005358771772
0.000005347954125
0.000005363591355
0.000005351919422
0.000005361646600
0.000005334919885
0.000005335315132
0.000005364206750
0.000005346774400
0.000005335882216
0.000005351410550
0.000005358796503
0.000005342445035
0.000005341156078
0.000005363356395
0.000005341838709
0.000005363881372
0.000004922742010
0.000005357994307
0.000005246517069
0.000005240911940
0.000005361917953
0.000005145895157
0.000005288814510
0.000005252078056
0.000005326023324
0.000005345198704
0.000005324373231
0.000005347571503
0.000005126107205
0.000005214206010
0.000005314397336
0.000005382191465
0.000005374231595
0.000005440068041
0.000005329247636
0.000005203692611
0.000005161901256
0.000004950907033
0.000005364687613
0.000005220720553
0.000005306540764
0.000005368513376
0.000005352757894
0.000005342718645
0.000005257926406
0.000005236344528
0.000000179499660
0.000000415999073
0.000000297636441
0.000000348024578
0.000000179499660
0.000000683594378
0.000000179499660
0.000000291906265
0.000000445065723
0.000000514113892
0.000000296740460
0.000000428612854
0.000000386348404
0.000000348024578
0.000000283914400
0.000000291540889
0.000000417408398
0.000000297345744
0.000000628317184
0.000000422747198
0.000000611457793
0.000004486449550
0.000000283914400
0.000000179499660
0.000000179499660
0.000000179499660
0.000000301947723
0.000000580944274
0.000000391933138
0.000000298088063
0.000000179499660
0.000000179499660
0.000000179499660
0.000000179499660
0.000000179499660
0.000000179499660
0.000000978872053
0.000000179499660
0.000000179499660
0.000000179499660
0.000000422540708
0.000000415478859
0.000000179499660
0.000000316290703
0.000000179499660
0.000000179499660
0.000000435432077
0.000000316610731
0.000000632112542
0.000000569846396
0.000000179499660
0.000000416596939
0.000000492287400
0.000001669986938
0.000000298088063
0.000000179499660
0.000000179499660
0.000000179499660
0.000000297345744
0.000002941399527
