0.000025048078583
0.000009261720396
0.000038535277657
0.000048168818814
0.000158038267147
0.000061649597177
0.000010497251312
0.000096804459943
0.000010257619469
0.000026221374195
0.000070451435679
0.000008763412197
0.000059320940547
0.000053905579911
0.000019998710798
0.000050916473998
0.000065353733971
0.000091483222341
0.000148839006354
0.000077294971688
0.000168097176437
0.000048871479816
0.000107810420462
0.000136023389347
0.000032467413337
0.000065568151187
0.000119935039475
0.000068104345103
0.000033704182237
0.000050873249258
0.000068116674966
0.000149321090419
0.000120287420833
0.000019252523100
0.000034828759458
0.000027567489766
0.000015455037621
0.000016508127174
0.000053250551913
0.000051081751832
0.000063435661850
0.000088137040819
0.000031510046903
0.000054467430558
0.000170083231452
0.000125379549217
0.000086238082361
0.000141773699560
0.000015171629385
0.000057287275385
0.000051755900133
0.000169616374780
0.000080662574542
0.000010347231260
0.000054910370866
0.000102311432907
0.000134229943558
0.000125927631515
0.000106655922937
0.000045003787987
0.000001132685618
0.000009047020433
0.000009914327545
0.000005707981828
0.000002246198499
0.000009094532340
0.000005072870211
0.000007666748438
0.000010508300013
0.000009920870301
0.000003160282071
0.000005946911410
0.000001512132033
0.000007244458981
0.000000733444346
0.000005720111302
0.000007032171069
0.000005009031340
0.000008258601605
0.000006836398397
0.000001941701522
0.000000841458224
0.000002425896853
0.000007340919094
0.000010816153471
0.000008466087935
0.000006509623789
0.000008899396763
0.000003713548047
0.000005325748974
