0.000062660579327
0.000050615989353
0.000068968961317
0.000064352319879
0.000068737674249
0.000066750783170
0.000053454562621
0.000068465438047
0.000051617830426
0.000058676556927
0.000069212485946
0.000055730720973
0.000066257291168
0.000063539877986
0.000054781453302
0.000061061546060
0.000059892849354
0.000067330822207
0.000069678227909
0.000068734593130
0.000028902372102
0.000022731770045
0.000018953692944
0.000041017985453
0.000012764765861
0.000022023266728
0.000026631200191
0.000014739821256
0.000013206661100
0.000019782490109
0.000032337677291
0.000027222207172
0.000026926702147
0.000014658331894
0.000023584563418
0.000008709104192
0.000006165928334
0.000011317287338
0.000029414775528
0.000034575575753
0.000000085591076
0.000000046747072
0.000000159424227
0.000000046747072
0.000000171369946
0.000000082951046
0.000000046747072
0.000000157647695
0.000000133144042
0.000000146983134
0.000000121795050
0.000000136090383
0.000000107294811
0.000002862277145
0.000000112632465
0.000000136128951
0.000000085476412
0.000000173910105
0.000000153098815
0.000000103964616
