0.000000000000000
0.000000000000000
0.000000000000000
0.000002100149653
0.000000000000000
0.000000000000000
0.000000000000000
0.000000000000000
0.000002405582303
0.000000000000000
0.000000000000000
0.000002798391974
0.000000000000000
0.000000000000000
0.000000000000000
0.000000000000000
0.000000000000000
0.000000000000000
0.000000000000000
0.000000000000000
0.000002495678534
0.000000000000000
0.000002491570487
0.000000000000000
0.000000000000000
0.000000000000000
0.000000000000000
0.000000000000000
0.000000000000000
0.000000000000000
0.000000000000000
0.000000000000000
0.000002385169592
0.000000000000000
0.000000000000000
0.000000000000000
0.000000000000000
0.000000000000000
0.000000000000000
0.000000000000000
0.000000000000000
0.000001995952189
0.000001960011563
0.000000000000000
0.000000000000000
0.000002437927893
0.000001976612948
0.000000000000000
0.000000000000000
0.000000000000000
0.000000000000000
0.000000000000000
0.000000000000000
0.000001916883003
0.000000000000000
0.000000000000000
0.000000000000000
0.000000000000000
0.000000000000000
0.000000000000000
0.000000000000000
0.000000000000000
0.000002542846611
0.000002658261971
0.000000000000000
0.000000000000000
0.000000000000000
0.000000000000000
0.000000000000000
0.000002358504470
0.000000000000000
0.000000000000000
0.000000000000000
0.000000000000000
0.000000000000000
0.000000000000000
0.000000000000000
0.000000000000000
0.000000000000000
0.000000000000000
0.000000000000000
0.000001943572260
0.000002367213872
0.000000000000000
0.000000000000000
0.000000000000000
0.000000000000000
0.000000000000000
0.000000000000000
0.000000000000000
