0.000026256201618
0.000004335156351
0.000070211723295
0.000026006841942
0.000126141366069
0.000116037188946
0.000003456071611
0.000099254647838
0.000009754255470
0.000009724777172
0.000064214952326
0.000014080296766
0.000027534734339
0.000061203261810
0.000022052229319
0.000021664975489
0.000081930506051
0.000090494970718
0.000111609417362
0.000028092074970
0.000067161419505
0.000038916271891
0.000031839595566
0.000127056431992
0.000011366343017
0.000076325902615
0.000104981295692
0.000026044165217
0.000036674249826
0.000031443165496
0.000122890203828
0.000083641423021
0.000079731228872
0.000006604439780
0.000061197179283
0.000009268983555
0.000048789830331
0.000012372898977
0.000070875458272
0.000074041865122
0.000000736199834
0.000007021713930
0.000001625721523
0.000000744173328
0.000002489117258
0.000001497560612
0.000003291647055
0.000001515528865
0.000003054387165
0.000001440316619
0.000000755102139
0.000002876005072
0.000007409927426
0.000034395369784
0.000001739456769
0.000003024339883
0.000003814869722
0.000003475930892
0.000005901745070
0.000005754425735
