0.000024672977844
0.000013536977509
0.000070868483075
0.000049509444726
0.000096242202975
0.000089315793004
0.000004669593097
0.000075284891496
0.000012718207011
0.000010206375590
0.000095191497919
0.000014485225232
0.000025958230020
0.000047362700618
0.000030175098424
0.000021123066990
0.000071666065434
0.000088511142076
0.000107340538524
0.000028277375854
0.000062975812151
0.000032186410076
0.000026224104658
0.000122895423417
0.000015049907773
0.000073283873406
0.000078550725849
0.000037298005388
0.000053753462312
0.000030642896889
0.000091849755513
0.000065765337733
0.000072934735195
0.000008562798743
0.000063890605878
0.000007682561555
0.000044860815258
0.000012900813275
0.000088010709708
0.000079084793017
0.000000994699778
0.000009487230182
0.000002196556916
0.000001005472984
0.000003363114562
0.000002023395197
0.000004447434572
0.000002047672595
0.000004126866230
0.000001946051268
0.000001020239200
0.000003885849295
0.000010011756078
0.000031331150121
0.000002350227725
0.000004086268523
0.000005154375061
0.000004696425516
0.000007974009552
0.000007774962360
