0.000015004759348
0.000014487741597
0.000015476845683
0.000015131961083
0.000015459406990
0.000015312738703
0.000014600276973
0.000015440016813
0.000014549999187
0.000014827561102
0.000015496184201
0.000014735140194
0.000015274475003
0.000015075863086
0.000014505375273
0.000015019640563
0.000014941973134
0.000015357153034
0.000015529742103
0.000015460347596
0.000013005066098
0.000011211806894
0.000010687653470
0.000014123767451
0.000011184074187
0.000012707732406
0.000012974011921
0.000011555043298
0.000008764219830
0.000012412498338
0.000013611414169
0.000013488727320
0.000013039307433
0.000010254560003
0.000010252277752
0.000010223726132
0.000007316143251
0.000009127133727
0.000013514515034
0.000013655121765
0.000000802371346
0.000000802371346
0.000000802371346
0.000000802371346
0.000000802371346
0.000000802371346
0.000000802371346
0.000000802371346
0.000000802371346
0.000000802371346
0.000000802371346
0.000000802371346
0.000000802371346
0.000004866574545
0.000000802371346
0.000000802371346
0.000000802371346
0.000000802371346
0.000000802371346
0.000000802371346
