0.000002977699187
0.000002508403873
0.000001478703466
0.000003850220140
0.000001461534381
0.000001556895730
0.000000912235029
0.000003107519370
0.000000912235029
0.000002091413529
0.000001618814871
0.000002421573984
0.000001616883214
0.000000912235029
0.000002392839995
0.000000912235029
0.000002243647963
0.000002677601199
0.000001798225908
0.000002362574879
0.000002704072091
0.000000912235029
0.000001504993721
0.000001798225908
0.000000912235029
0.000001478703466
0.000002112143516
0.000002266058047
0.000003221615335
0.000002047954189
0.000002889975245
0.000003705082670
0.000000912235029
0.000001766917492
0.000001682874527
0.000001766917492
0.000003698871721
0.000002909718909
0.000002858047145
0.000000912235029
0.000003688944125
0.000004784587995
0.000005299463355
0.000003806017674
0.000002441350318
0.000001440934598
0.000001724486250
0.000001440934598
0.000000912235029
0.000000912235029
0.000001492564310
0.000000912235029
0.000002870915574
0.000001580945465
0.000002263203807
0.000000912235029
0.000002365267515
0.000002393196685
0.000002830052534
0.000004573653757
0.000000912235029
0.000003771647463
0.000000912235029
0.000001756817038
0.000001810725385
0.000001710691861
0.000000912235029
0.000001505205136
0.000001495165668
0.000001505205136
0.000001710691861
0.000000912235029
0.000001431199679
0.000000912235029
0.000001651808408
0.000001684532897
0.000001431199679
0.000000912235029
0.000001495165668
0.000002248932142
0.000001810725385
0.000002307420625
0.000003079602417
0.000000912235029
0.000001441030193
0.000002671020340
0.000001684532897
0.000002412049338
0.000003575981956
0.000002216510039
