0.000029557346429
0.000010700689126
0.000047202634164
0.000018605471564
0.000228571711594
0.000075230999844
0.000007783269066
0.000134065907436
0.000007605592162
0.000025193790187
0.000083985334397
0.000010524844814
0.000046995088171
0.000064939282917
0.000022078387471
0.000035968480765
0.000060409745287
0.000116880467884
0.000152368262418
0.000089963169402
0.000248530698180
0.000042559360270
0.000107485677054
0.000176204315691
0.000035677705761
0.000049142852296
0.000136360547777
0.000064267193009
0.000019492121123
0.000053687382348
0.000079759781368
0.000217480298512
0.000096716064892
0.000019512164618
0.000044317421395
0.000014398222840
0.000011715794324
0.000014038123714
0.000060121629356
0.000038230329037
0.000074456789660
0.000080153572520
0.000021096720127
0.000061319209232
0.000207175025226
0.000104397752019
0.000117315559083
0.000183479081132
0.000011606271059
0.000048591294370
0.000035317880729
0.000199859271790
0.000101365800044
0.000007672035526
0.000047710955864
0.000077772857897
0.000156984580127
0.000153555965819
0.000111092036646
0.000059364453845
0.000000839838608
0.000006707984041
0.000007351055681
0.000004232227759
0.000001665461441
0.000006743212116
0.000003761319284
0.000005684570578
0.000007791461212
0.000007355906859
0.000002343215852
0.000004409383966
0.000001121182120
0.000005371460758
0.000000543818045
0.000004241221252
0.000005214058225
0.000003713985454
0.000006123404736
0.000005288134769
0.000001439689776
0.000000623905780
0.000001891597197
0.000005442981863
0.000008019721565
0.000006277247098
0.000004826611459
0.000006598527317
0.000002882770531
0.000003948818220
