0.000029029951615
0.000022147359536
0.000041604946576
0.000056097528016
0.000046040638265
0.000041081899759
0.000021899747547
0.000051945861550
0.000055802427179
0.000024490219962
0.000055641165631
0.000044258700973
0.000028362770935
0.000054578341775
0.000045266226450
0.000035713019470
0.000044289752932
0.000038957030237
0.000053417219355
0.000036100101029
0.000022971911921
0.000016878433068
0.000018424197617
0.000018078714553
0.000012044237869
0.000022552285600
0.000021998235669
0.000017408921238
0.000004269211451
0.000017219751499
0.000023107572221
0.000016842269366
0.000013593842857
0.000018216534245
0.000015983021865
0.000006547264045
0.000002134533326
0.000009281474807
0.000010592293959
0.000020940747193
0.000000049003569
0.000000032712803
0.000000070629968
0.000000058294827
0.000000050032225
0.000000049425567
0.000000039016949
0.000000118191176
0.000000288064866
0.000000054046177
0.000000030647782
0.000000068384442
0.000000118456663
0.000005745097180
0.000000026456893
0.000000075571940
0.000000084190547
0.000000045128932
0.000000019108734
0.000000057290338
