0.000010072621794
0.000007450870358
0.000019003524512
0.000011522959022
0.000014475962631
0.000013834200749
0.000012105657026
0.000006999218311
0.000011417126695
0.000011908996622
0.000008930920395
0.000010417902290
0.000008215763226
0.000011705540521
0.000011050023016
0.000013841541535
0.000011948170619
0.000006991750609
0.000009149831129
0.000015692625660
0.000010364410813
0.000012401135687
0.000011911041233
0.000010962414138
0.000012351772059
0.000010466103727
0.000011019141638
0.000006015798691
0.000010744725493
0.000012093553257
0.000007412146881
0.000008849149335
0.000009660414764
0.000008188559982
0.000009396650917
0.000008845527026
0.000008774168658
0.000008697056818
0.000011099874356
0.000011232580185
0.000007830473736
0.000008976325209
0.000007373262085
0.000010220377592
0.000010151915901
0.000007475929291
0.000008600471928
0.000011216645905
0.000007033345067
0.000009988068140
0.000010713051290
0.000008896686633
0.000008577068894
0.000008406022596
0.000009531642911
0.000008251600285
0.000010377939638
0.000010463395688
0.000008033501800
0.000008793965666
0.000006309388098
0.000003343324345
0.000003909213800
0.000010551430167
0.000004239097494
0.000006769680051
0.000013136531140
0.000006770276460
0.000010743427992
0.000004274544502
0.000012355715279
0.000003441975662
0.000008793870668
0.000010080701649
0.000011129729754
-0.000007883625694
0.000004711673809
0.000006350006134
0.000009696635393
0.000004625485473
0.000002928927174
0.000004713373627
0.000008298454711
0.000005086247664
0.000004828827430
0.000008822490277
0.000005794381179
0.000003445850304
0.000010599833226
0.000003915568980
0.000004674910450
0.000011856873498
0.000006992213016
0.000012286294380
0.000011142813828
0.000009780887583
0.000010933710987
0.000009321745415
0.000007693834920
0.000010190865014
0.000009805811933
0.000009850206092
0.000007353606520
0.000011428224841
0.000012609539886
0.000012272552668
0.000009573197559
0.000010349092223
0.000012584245395
0.000008463317728
0.000009746577967
0.000005949707442
0.000006653738938
0.000009226008017
0.000007270370511
0.000012773728046
0.000010572156385
0.000006406439553
0.000010124050457
0.000014368682566
0.000000118114228
0.000000111312850
0.000000122587002
0.000000071765795
0.000000032460422
0.000000180126403
0.000000104014048
-0.000000081293233
0.000000190048633
0.000000202588118
0.000000327766406
0.000000083203050
0.000000148252300
0.000000067362977
0.000000169670876
0.000000152923672
0.000000192652592
0.000000149816623
0.000000184953122
0.000000103366294
0.000000225231737
0.000007453289353
0.000000191333830
0.000000013902785
0.000000119976873
0.000000160644612
0.000000172227711
0.000000155714598
0.000000178776011
0.000000159231574
0.000000043762665
0.000000039886081
0.000000131459410
0.000000019550541
0.000000063810816
0.000000093188038
0.000000075814193
0.000000074804786
0.000000045341553
0.000000144618247
0.000000185407425
0.000000165128052
0.000003317658321
0.000000102538531
0.000000092221070
0.000000227067314
0.000000290504494
0.000000039660766
0.000000211367190
0.000000125031702
0.000000135587656
0.000000103692675
0.000000095616410
0.000000092568439
0.000000201147262
0.000000077046951
0.000000137430401
0.000000072720210
0.000000139894176
0.000000268700654
