0.000042626340061
0.000006722186637
0.000094591086080
0.000027326850799
0.000122924818970
0.000092315642236
0.000006722186637
0.000084697002848
0.000015085519377
0.000014342465755
0.000090451602410
0.000015228570948
0.000028427697598
0.000036710537174
0.000006722186637
0.000034513256170
0.000095580061134
0.000061900342078
0.000151865977522
0.000029233330758
0.000100430103584
0.000112211600740
0.000113269645024
0.000153235802457
0.000011187784368
0.000063343324904
0.000109264731170
0.000022325552970
0.000014214497077
0.000034513256170
0.000100568688632
0.000111649669792
0.000073334305043
0.000006722186637
0.000048114997138
0.000010619921646
0.000048022927210
0.000006722186637
0.000139085026852
0.000150342524815
0.000006722186637
0.000006722186637
0.000006722186637
0.000006722186637
0.000006722186637
0.000006722186637
0.000006722186637
0.000006722186637
0.000006722186637
0.000006722186637
0.000006722186637
0.000006722186637
0.000006722186637
0.000056408775621
0.000006722186637
0.000006722186637
0.000006722186637
0.000006722186637
0.000006722186637
0.000006722186637
