0.000046723496879
0.000019856795222
0.000061306246508
0.000031391060000
0.000096746125516
0.000062030415069
0.000019856795222
0.000079880228635
0.000019856795222
0.000019856795222
0.000064371377700
0.000031641443169
0.000032626533949
0.000033591510581
0.000019856795222
0.000037529453530
0.000060216708920
0.000069771072481
0.000063276309744
0.000042863518367
0.000097585725469
0.000062014057404
0.000078573594869
0.000088625598216
0.000044189721490
0.000061257052489
0.000077276926039
0.000036719562782
0.000019856795222
0.000048711502560
0.000060105786717
0.000083338268938
0.000063399387532
0.000032120383670
0.000050510956256
0.000019856795222
0.000019856795222
0.000019856795222
0.000039108666315
0.000062471489190
0.000061636370158
0.000059656484644
0.000045842125538
0.000048821379546
0.000095846900798
0.000100050154654
0.000077070197818
0.000101187187823
0.000019856795222
0.000046533684502
0.000045779791374
0.000118166836999
0.000061825728679
0.000019856795222
0.000048204748523
0.000066584112942
0.000080139659417
0.000092706339874
0.000075272889110
0.000068319725654
0.000019856795222
0.000019856795222
0.000019856795222
0.000019856795222
0.000019856795222
0.000019856795222
0.000019856795222
0.000019856795222
0.000019856795222
0.000019856795222
0.000019856795222
0.000019856795222
0.000019856795222
0.000019856795222
0.000019856795222
0.000019856795222
0.000019856795222
0.000019856795222
0.000019856795222
0.000019856795222
0.000019856795222
0.000019856795222
0.000019856795222
0.000019856795222
0.000019856795222
0.000019856795222
0.000019856795222
0.000019856795222
0.000019856795222
0.000019856795222
