0.000000567178726
0.000000659554556
0.000001505598080
0.000001440133315
0.000001582351567
0.000001332845974
0.000000493259737
0.000004186318468
0.000000228091406
0.000001313900428
0.000001438823347
0.000000449718461
0.000000512230207
0.000000347084565
0.000001503878803
0.000000811235877
0.000001128649183
0.000002559550013
0.000001474725450
0.000001081105127
0.000002351243284
0.000000521287899
0.000001393287989
0.000001159746037
0.000000158251204
0.000000777573739
0.000001110430640
0.000002997362358
0.000001278436658
0.000001043404017
0.000005251857453
0.000004568826495
0.000001893405243
0.000001219009359
0.000001677976613
0.000000963996897
0.000007368201779
0.000005066565326
0.000002849097254
0.000000678751530
0.000003121558512
0.000009739937099
0.000013470405332
0.000002859500290
0.000002130566779
0.000001137671496
0.000000592151283
0.000001550086842
0.000001171919507
0.000002778588195
0.000003605689070
0.000003647939173
0.000001156402217
0.000000933424297
0.000001672156489
0.000002281252805
0.000003580646098
0.000002134961967
0.000004196286520
0.000009331695186
0.000000239505321
0.000003763752019
0.000000221661722
0.000003903233466
0.000002010241664
0.000001270101182
0.000001137754016
0.000001312697340
0.000000498619599
0.000000591641869
0.000001331541569
0.000000501148964
0.000001086024681
0.000000591887867
0.000001240133611
0.000000724788743
0.000001225788381
0.000000222493901
0.000000625438784
0.000002111390640
0.000002813533942
0.000003361404346
0.000005411055598
0.000000301330709
0.000000482446012
0.000003050800160
0.000001084148478
0.000002577606033
0.000004934773425
0.000001570744435
