0.000037532203144
0.000009082530645
0.000078672919444
0.000025878650724
0.000088512129879
0.000066406171308
0.000009082530645
0.000092259355960
0.000014438745774
0.000015052745147
0.000085331934094
0.000033705909838
0.000042612996870
0.000026037491752
0.000009082530645
0.000033629129775
0.000074565870941
0.000047143852742
0.000091352428434
0.000037923123298
0.000076247547357
0.000088947698666
0.000090035008180
0.000120748888252
0.000014438745774
0.000050152346694
0.000082802304266
0.000020217834822
0.000027332602715
0.000033629129775
0.000094745201274
0.000081164125408
0.000083074145452
0.000009082530645
0.000038610937011
0.000009082530645
0.000044588039970
0.000009082530645
0.000092187667775
0.000094298682379
0.000009082530645
0.000009082530645
0.000009082530645
0.000009082530645
0.000009082530645
0.000009082530645
0.000009082530645
0.000009082530645
0.000009082530645
0.000009082530645
0.000009082530645
0.000009082530645
0.000009082530645
0.000050510401079
0.000009082530645
0.000009082530645
0.000009082530645
0.000009082530645
0.000009082530645
0.000009082530645
