180 3
30 30 30 30 60
2.752810469193532938e+01 1.116392217442196610e+01 1.047586979930992790e+01
2.848178639840291737e+01 8.837814191916198325e+00 1.222091324956652336e+01
2.590017683505118029e+01 9.877251407044688847e+00 9.820004930985428260e+00
2.482119700387674399e+01 1.172943240164032908e+01 1.017129763969491663e+01
2.552207545029398617e+01 1.052784531446896921e+01 1.014469679533134538e+01
2.466734865474853322e+01 9.756024333028104678e+00 1.177676946417569681e+01
2.462613540330180228e+01 6.963966346480627401e+00 8.984303269928879843e+00
2.530723719088071988e+01 9.117412077226520140e+00 1.102799367814963105e+01
2.853950924797521438e+01 1.005441635434685566e+01 8.270457991951417398e+00
2.362563229994833236e+01 1.174737190365706496e+01 1.182279194744335804e+01
2.430989485139383177e+01 8.944238872320259048e+00 1.044971355893826015e+01
2.003840706355214607e+01 1.018593130648179290e+01 9.586260396625450042e+00
2.646058136145544282e+01 9.539388192907104269e+00 1.142987867111031797e+01
2.339539449884932765e+01 8.311304565675275313e+00 8.753053353485013233e+00
2.058745961874997477e+01 9.393917999284273179e+00 1.231987597978188909e+01
2.312385139677762780e+01 1.092459706300130406e+01 8.510166844186231927e+00
2.077220430488409875e+01 8.935104794181460974e+00 9.747007745121875288e+00
2.477380499571852468e+01 8.595983806440425923e+00 9.392546896023151959e+00
2.394363554332268862e+01 1.007910275412828227e+01 1.050937530801719788e+01
2.460494379547956356e+01 9.568625624503711791e+00 9.245659652991175648e+00
2.265507910444809880e+01 9.033000655854726446e+00 9.572416822074265141e+00
2.054743479533664541e+01 9.522199251988681112e+00 1.021099643075564778e+01
2.073960330606790947e+01 8.921034329645117111e+00 1.055034395096825861e+01
2.410389079159227776e+01 1.015338739518647415e+01 1.086703968402285980e+01
2.627880136908660091e+01 1.047846754235021294e+01 8.531536348646364232e+00
2.263037981811937271e+01 9.311627860145216928e+00 8.964441834468820147e+00
2.337689493574525557e+01 8.614395519296145665e+00 1.006679222459617584e+01
2.580165297390837509e+01 8.173088077901116577e+00 1.055376908651698820e+01
2.697650438759119851e+01 1.140181305304291293e+01 1.225460489739221615e+01
2.364015032837529873e+01 1.125396149609341379e+01 8.726653364091847109e+00
3.337037110514038574e+01 7.217384889856465691e+01 3.596823053026820105e+01
3.425648451668170935e+01 7.063371902652498591e+01 4.976639036483712886e+01
3.322568516133979699e+01 7.317577672830879010e+01 4.010500020720820658e+01
3.060330781187699856e+01 7.334876811057557688e+01 4.401989363444701553e+01
3.091385880325073998e+01 7.172385820627690123e+01 2.729515001514266359e+01
3.167081649888037376e+01 6.926446988291365869e+01 5.943621185649292471e+01
3.632104164636026411e+01 7.263276896986590714e+01 5.922942026480384925e+01
3.639662917793297225e+01 6.846850009687055660e+01 4.906044658275385473e+01
3.468447867041091115e+01 7.142699168609877347e+01 3.731996629048619241e+01
3.463994113584728041e+01 7.109200470041609776e+01 3.844989906909165711e+01
3.353035080447823191e+01 6.804495821072360684e+01 4.376425531155629756e+01
3.273390797790466422e+01 6.876486427616491426e+01 5.326385896687030197e+01
3.419552792387233353e+01 7.328850761208661879e+01 3.564846448278362345e+01
3.395893573375438024e+01 6.863087409735589972e+01 4.407461836241110120e+01
3.186928801086484242e+01 7.005660362638931815e+01 3.325667339342624018e+01
3.262958661181892239e+01 7.102533957720388003e+01 4.676433294946500041e+01
3.034812732782741307e+01 6.805623122511846645e+01 4.396006712661645111e+01
3.412926332895266768e+01 7.029639204502018401e+01 4.439391701264536749e+01
3.137674703146674560e+01 7.167954842491917589e+01 6.383144774863941961e+01
3.217917360126705262e+01 6.765994894636972390e+01 5.117016288095852872e+01
3.167561783442405599e+01 7.304680208424912280e+01 3.931758394675368606e+01
3.182015022435435725e+01 6.982492390294790141e+01 3.173561461340985801e+01
3.095948012175222885e+01 6.807958003442504946e+01 5.126635922106507337e+01
3.643124712231286111e+01 6.911435914740265218e+01 3.562179955255565744e+01
3.082083324853394757e+01 7.015569056987862950e+01 4.949420806925760985e+01
3.025296536537712910e+01 6.822133764213221241e+01 4.844362976401546916e+01
3.463754428588209322e+01 7.056361252094991698e+01 5.188029792352301683e+01
3.184229459202597567e+01 7.152368423503760653e+01 4.318727652943021411e+01
3.157131313637337300e+01 7.121206549785561890e+01 2.965757158215535227e+01
3.303108282859905387e+01 6.918993592839161977e+01 3.310450222249799168e+01
8.964600608874651755e+01 1.862504870658198186e+01 7.935638159716711471e+01
8.777659684777557914e+01 2.062523145102718658e+01 7.839794234439325749e+01
8.889561666057154810e+01 2.005216507926097336e+01 7.926043700360868627e+01
9.154301459540673136e+01 1.870714309027655275e+01 8.026705086934917688e+01
8.996071718177250887e+01 1.883190650225880347e+01 8.052327666053174937e+01
8.982845366877775461e+01 2.077179055121366602e+01 8.082350415396372512e+01
9.216323594928068985e+01 2.133652794943639108e+01 7.963081816205755104e+01
8.976062082242407314e+01 2.109965959588711470e+01 8.065526373072259503e+01
9.064013152609759061e+01 1.838304395568916405e+01 7.997567387560106056e+01
8.926196909079430952e+01 2.027992459904323752e+01 7.990184961035704703e+01
9.091017890809258972e+01 2.031721821519130344e+01 8.078632796210897027e+01
8.953358090326405261e+01 1.905555374408174885e+01 7.958995030679744787e+01
8.998297958613855485e+01 2.037915173555508019e+01 8.225930895069085125e+01
8.995774284833935042e+01 1.904405499950722458e+01 7.965401822430061429e+01
8.953640402535390308e+01 2.048148147377346362e+01 7.845920298555537897e+01
9.006326199420033163e+01 2.015650653796537384e+01 8.023218103620027364e+01
8.940268393103463040e+01 1.976207827026399144e+01 7.857593909101747442e+01
8.950668011663780987e+01 1.945713852398328214e+01 8.041605004626143227e+01
8.884381756817808196e+01 2.078119810170999315e+01 8.149448454449137103e+01
8.793001497498646302e+01 2.042625873077810184e+01 8.067690803503025165e+01
8.936256297444776919e+01 1.960272818567120368e+01 7.986711942241304030e+01
8.970220912059826901e+01 1.969098703095287917e+01 7.832399619367002686e+01
9.115233156478312537e+01 2.107961859203681954e+01 7.918663574079579348e+01
8.853357567219748603e+01 2.052106487645275834e+01 7.942421203018693632e+01
9.014195316332077823e+01 1.968067158285490592e+01 8.069153875107018337e+01
9.069474914365601137e+01 1.927440262153641726e+01 7.861663604460494525e+01
8.841706160266491565e+01 2.061037937910720430e+01 7.881114074221596866e+01
8.949318364570130768e+01 1.940368596154949188e+01 7.994743270373045618e+01
8.806372019415348973e+01 2.018877859679382780e+01 8.052389102383421005e+01
9.008842208704466259e+01 1.968911382830152945e+01 8.009740016626878401e+01
6.199523172820065042e+01 8.292477108631825899e+01 1.885400680085462355e+01
6.195046661343963024e+01 7.941538834689889370e+01 2.202442162146930471e+01
6.246870888674594369e+01 7.696341845605807919e+01 2.282638411626997765e+01
7.032246430679660421e+01 8.152551402109936873e+01 2.283470316293202984e+01
5.653975076107804654e+01 8.042818368619545311e+01 2.529741955556270128e+01
6.304421917237725381e+01 8.181108463280884280e+01 2.143698165286477320e+01
6.344909082267394496e+01 7.906079003318976106e+01 2.494671417271745995e+01
5.759486440769606475e+01 7.841490663141811979e+01 2.644515902591690093e+01
5.932025149660839247e+01 8.014613291136728890e+01 2.470004911344887333e+01
6.291476839876646920e+01 8.055336262087652699e+01 2.240268438093175973e+01
5.346736574132341957e+01 7.982330353913282295e+01 2.547948369087256992e+01
5.659910898001574964e+01 7.931106322744402348e+01 2.399647512954286199e+01
5.332870764298623101e+01 8.103743283831919086e+01 2.098618761905634500e+01
5.920213280926866872e+01 8.161160288673532648e+01 2.280006953570242345e+01
5.436587095621628407e+01 7.942447044642412379e+01 2.190738191278812508e+01
6.047175794658537029e+01 7.957100358651177885e+01 2.293693897171030116e+01
5.969186798952176076e+01 7.892394045461763596e+01 2.283954118587938709e+01
5.593503505722961222e+01 7.866777121647103854e+01 2.341049770094778282e+01
5.421322370404573121e+01 7.976423281954065203e+01 2.253301416289436432e+01
7.128361748649103902e+01 8.141050377545697359e+01 2.194622730137212230e+01
6.373594167102315566e+01 8.115628289733466261e+01 2.122211261029697482e+01
5.408059679903341532e+01 8.090665916178143391e+01 1.902361003485426849e+01
5.122054708281140734e+01 7.897716513772661528e+01 2.367430429787212276e+01
6.829775398094936634e+01 7.932203009078781974e+01 2.459779422799061166e+01
5.656081194485658870e+01 7.934066687918841865e+01 2.118453083497498213e+01
5.859822252407745680e+01 8.023432691899419922e+01 2.245465595287464566e+01
6.289260748864439421e+01 7.885733831470889754e+01 2.352285536611331196e+01
5.281104263099210527e+01 7.896903300216928301e+01 2.504045103599757027e+01
5.673853200032490207e+01 7.724396819446731399e+01 2.222064019706500915e+01
5.761012997979756989e+01 8.092765202534843638e+01 2.228274726311754250e+01
5.023894574892614173e+01 9.425835996979303388e+01 6.339976977446607265e+01
8.672894054624647708e+01 9.402096893547673062e+01 7.507648618863520085e+01
6.995750602247512973e+01 9.679655666042270923e+01 9.944007896476793462e+01
4.518216826697596389e+01 7.086977818420836073e+00 2.927940314405188360e+01
1.523547056877304584e+01 4.174863747960117877e+01 1.312893284732560240e+01
6.041178040208819766e+01 3.828080591578540748e+01 8.953858842882100078e+01
9.677946717985018665e+01 5.468849016694221632e+01 2.748235698675965821e+01
5.922304187618367877e+01 8.967611582244097690e+01 4.067333458357482812e+01
5.520782766919708706e+01 2.716527676061458862e+01 4.554441494500269982e+01
4.017135353795986674e+01 2.484134650829710012e+01 5.058663838253083611e+01
3.103808259798114122e+01 3.730348638807474515e+01 5.249704422542642845e+01
7.505950229289875608e+01 3.335074657912753082e+01 9.241587666207635721e+01
8.623185468359024242e+01 4.869029597552854582e+00 2.536425242568227745e+01
4.461355126592019360e+01 1.046278887424740844e+01 3.484759890334970578e+01
7.400975256176825212e+01 6.805144811428259288e+01 6.223844285660048570e+01
7.105284027223456178e+01 2.049236869597017474e+01 3.416981148647321476e+01
6.762424822774629263e+01 8.792347630313270201e+01 5.436780538280952157e+01
2.826996509455366180e+01 3.023525800598259039e+00 7.103368289742132902e+01
7.884103508440376551e-01 3.726790698209955366e+01 5.305372145627818270e+01
9.221114617671931057e+01 8.949454503290009910e+00 4.059423219682837214e+01
2.431319971015777348e+00 3.426109843415903100e+01 6.222310588397949260e+01
2.790679482285983681e+01 2.097499496556351062e+01 1.157032333270936419e+01
5.771402440203418394e+01 6.952700059046860304e+01 6.719571405958222954e+01
9.488610207205073266e+01 2.703213893502698362e-01 6.471966538940360181e+01
6.003922370976395939e+01 5.887396099702881713e+01 9.627703198402424789e+01
1.687167337003969703e+00 6.964824307014501414e+01 8.136786497018634634e+01
5.098071966215841400e+01 3.339648695968091374e+01 7.908401632274049575e+01
9.724292563242464382e+00 4.420356377299252415e+01 5.199523745708381739e+01
6.939564109345475629e+01 9.088573203240946086e+00 2.277595015378609489e+01
4.103015626901256496e+01 6.232946730201306451e+01 8.869607812174174910e+01
6.188261682413764930e+01 1.334614709349344253e+01 9.805801327872823947e+01
8.717857347554928538e+01 5.027207611453240332e+01 9.223479817966330074e+01
5.413807937571357343e+01 9.233060678891631312e+01 8.298973686033431818e+01
9.682864102942973261e+01 9.197828107781583640e+01 3.603381742856948122e+00
1.747720041609399644e+01 3.891346771011857442e+01 9.521426972954208168e+01
3.000289194759295697e+01 1.604676438876010280e+01 8.863046660865599335e+01
4.463944154832029199e+01 9.078755943543261253e+01 1.602304663201432788e+01
6.611175115080995113e+01 4.402637528294918212e+01 7.648676903028539087e+00
6.964631446525005742e+01 2.473987555391536830e+01 3.961552257951772571e+00
5.994429824957325792e+00 6.107853706678733730e+00 9.077329574850394067e+01
7.398839178291009944e+01 8.980623572137351118e+01 6.725823112965213113e+01
5.289399290308831780e+01 3.044463643473782710e+01 9.979622513286734886e+01
3.621890589393893833e+01 4.706489492139095177e+01 3.782451749234617466e+01
9.795269293354586182e+01 1.746583853950057730e+01 3.279880009080796555e+01
6.803486660150015553e+01 6.320761833863064894e+00 6.072493740115410077e+01
4.776465028764160792e+01 2.839999767621010918e+01 2.384132809240579931e+01
5.145127432987567317e+01 3.679275805370413366e+01 4.565198912626553351e+01
3.374773817642399365e+01 9.704936935959776179e+01 1.334394317456040113e+01
9.680395317837419356e+00 3.433917287909160621e+01 5.910269008704912608e+01
6.591764718500282072e+01 3.972567471680420681e+01 9.992779939221711061e+01
3.518929961930425776e+01 7.214066679599524434e+01 6.375826945307928639e+01
8.130538632474606686e+01 9.762256634538199762e+01 8.897936564455402220e+01
7.645619743577086069e+01 6.982484778182906382e+01 3.354981696758996179e+01
1.476855782067073619e+01 6.263600305980975946e+00 2.419017042014848329e+01
4.322814811812985880e+01 5.219962736299824968e+01 7.730835540548716267e+01
9.587409230565930329e+01 1.173204803848110167e+01 1.070041401937915637e+01
5.896947230135507567e+01 7.453980739472929429e+01 8.481503803469848890e+01
9.358320802167885688e+01 9.834262422606420273e+01 3.998016922245258797e+01
3.803351835275731219e+01 1.478086766972723787e+01 6.849344386835593923e+01
6.567619584408370770e+01 8.620625958512071918e+01 9.725799478764063366e+00
5.418223671073410172e-04
3.973999374025441185e-05
2.811551778397429219e-03
1.418778678159137449e-03
3.023297890065700707e-03
1.362167877572032469e-03
1.142814100008736100e-04
1.895056163021041976e-03
1.187110932172407525e-04
4.632354980931522735e-04
2.785042813149341424e-03
5.871942468938112520e-04
9.486783972435233400e-04
9.033473038885384476e-04
1.373701737087937086e-04
1.375721202200759280e-03
7.994259920410410952e-04
1.821457330119372010e-03
4.085672999679854783e-03
3.284204413784388901e-03
2.412153001020386246e-03
9.189889876756399817e-04
7.079451567685249996e-04
3.408886459045854141e-03
1.009570868916769048e-03
2.055909946543284152e-03
2.166204351076392916e-03
8.251716396615153565e-04
1.229476296769660458e-04
1.428385435633858962e-03
1.718106714130752802e-04
1.824439505344476083e-04
8.105069895494655164e-05
2.556134501181810706e-05
5.647999199603572938e-05
4.236806038565085747e-05
3.893875318089834343e-06
2.986274977238119119e-05
1.794632192288036078e-04
2.149739399457516881e-04
1.957306730913905104e-04
1.296535499621056142e-04
5.291087604126710933e-05
2.377995293008538429e-04
2.614193374806107707e-04
2.649208129207971697e-04
6.739859995797619718e-05
2.941249265630635707e-04
1.010507190054372163e-05
8.158413743957406848e-05
7.016180390893376052e-05
2.281054635265815779e-04
6.171351891572752308e-05
5.029749848024367821e-05
1.205014597041955039e-04
5.190377246200743907e-05
1.236029745806468971e-04
2.141172456658493677e-04
1.352346200820364174e-04
2.855545000232997130e-04
3.767950234149027803e-03
2.445849650568649889e-04
5.242881877924045544e-03
1.615720455449301931e-03
5.593669494610657884e-03
6.618759987809856582e-03
4.680562381282018960e-04
5.438897922799918773e-03
2.798601263531037223e-03
9.255175653540064981e-03
5.858265411603748134e-03
6.703960512240922549e-03
9.207724566730638794e-04
7.567541500716179134e-03
3.099267402805719936e-03
1.218634391938826222e-02
3.746731253445773156e-03
8.899044187264310013e-03
1.570466884730574138e-03
1.082547472881956793e-03
9.493608493356644334e-03
2.843380090995018764e-03
2.622361265257577324e-03
3.205422198008781552e-03
9.406015569042230212e-03
2.945085350923666058e-03
1.485594095803752322e-03
9.336345520547647756e-03
1.668595593090912684e-03
1.199560946629875738e-02
3.516962349071654817e-06
7.884166803248755448e-04
1.272562548222482795e-04
7.984258925410616075e-05
2.637940158831299101e-04
2.626448628792379795e-04
3.151855715581844061e-04
4.079211296433515687e-05
5.870815125337084392e-04
8.264787921540046748e-04
1.216999588364869216e-04
6.493179331765353435e-04
1.482415132110955478e-04
6.220285595384040557e-04
4.282417564411567239e-04
1.084410899522570641e-03
8.702309810143497729e-04
5.287180297426708527e-04
5.470485609364958857e-04
4.470173016840110172e-05
3.144534535088529953e-04
1.386589500887325643e-05
1.740022064740662027e-04
1.463173758530791847e-04
3.894966048866724067e-04
1.009509624116041631e-03
6.751708655066258977e-04
1.257663551217883956e-04
1.468552910217966025e-04
7.452218478167735045e-04
2.000000000000000439e-07
2.000000000000000439e-07
2.000000000000000439e-07
2.000000000000000439e-07
2.000000000000000439e-07
2.000000000000000439e-07
2.000000000000000439e-07
2.000000000000000439e-07
2.000000000000000439e-07
2.000000000000000439e-07
2.000000000000000439e-07
2.000000000000000439e-07
2.000000000000000439e-07
2.000000000000000439e-07
2.000000000000000439e-07
2.000000000000000439e-07
2.000000000000000439e-07
2.000000000000000439e-07
2.000000000000000439e-07
2.000000000000000439e-07
2.000000000000000439e-07
2.000000000000001233e-07
2.000000000000000439e-07
2.000000000000000439e-07
2.000000000000000439e-07
2.000000000000000439e-07
2.000000000000000439e-07
2.000000000000000439e-07
2.000000000000000439e-07
2.000000000096908420e-07
2.000000000000000439e-07
2.000000000000000439e-07
2.000000000000000439e-07
2.000000000000000439e-07
2.000000000000000439e-07
2.000000000000000439e-07
2.000000000000009703e-07
2.000000000000000439e-07
2.000000000000000439e-07
2.000000000000000439e-07
2.000000000000000439e-07
2.000000000000000439e-07
2.000000000000000439e-07
2.000000000000000439e-07
2.000000000000000439e-07
2.000000000000000439e-07
2.000000000000000439e-07
2.000000000000000439e-07
2.000000000000000439e-07
2.000000000000000439e-07
5.623318461127042197e-06
2.000000000000000439e-07
2.000000000000000439e-07
2.000000000000000439e-07
2.000000000000000439e-07
2.000000000000000439e-07
2.000000000000000439e-07
2.000000000000000439e-07
2.000000000000000439e-07
2.000000000000000439e-07
