90 3
30 30 30
3.382026172983832168e+01 2.646355465166742960e+01 2.559837459382881164e+01
3.620446599600728632e+01 2.353862871341235063e+01 2.779265056443070492e+01
2.975044208762794540e+01 2.484565181577145054e+01 2.477366818304298945e+01
2.705299250969186176e+01 2.717464611619939419e+01 2.521539537857817237e+01
2.880518862573496719e+01 2.566373034411478216e+01 2.518194658761762383e+01
2.666837163687133483e+01 2.469321684032034625e+01 2.723416932109435606e+01
2.656533850825450571e+01 2.118238979042232373e+01 2.372282897718892869e+01
2.826809297720180325e+01 2.389020444127020326e+01 2.629263361640806806e+01
3.634877311993803772e+01 2.506842494307720770e+01 2.282521606103875911e+01
2.406408074987083268e+01 2.719720384574710437e+01 2.729203953007213812e+01
2.577473712848458121e+01 2.367245066429574152e+01 2.556548486279065457e+01
1.509601765888036518e+01 2.523379624039483105e+01 2.447974999153308318e+01
3.115145340363860527e+01 2.442081131565472418e+01 2.679797724144472326e+01
2.348848624712332267e+01 2.287657790832714966e+01 2.343204760164102751e+01
1.646864904687493691e+01 2.423789223117092817e+01 2.791708960969620179e+01
2.280962849194406772e+01 2.616261925600450056e+01 2.312663398522974134e+01
1.693051076221024331e+01 2.366096516909468050e+01 2.468187908126538233e+01
2.693451248929630992e+01 2.323454310240200371e+01 2.423616816009484864e+01
2.485908885830672688e+01 2.509946644742089106e+01 2.564050554055586417e+01
2.651235948869890535e+01 2.445757543954236723e+01 2.405146723031247902e+01
2.163769776112024346e+01 2.378406269819025809e+01 2.446234261810611343e+01
1.636858698834161530e+01 2.439919736672305461e+01 2.526531396557593112e+01
1.684900826516977901e+01 2.364327249661551278e+01 2.569202088177127408e+01
2.525972697898069441e+01 2.519287443839946050e+01 2.609024468355207560e+01
3.069700342271650229e+01 2.560164108276939388e+01 2.315350471451367298e+01
2.157594954529843534e+01 2.413441785928421979e+01 2.369785454427995930e+01
2.344223733936313536e+01 2.325769460564450952e+01 2.508398677605012139e+01
2.950413243477093772e+01 2.270277987606655756e+01 2.569632776171144428e+01
3.244126096897799982e+01 2.676268659506205694e+01 2.783501556870783844e+01
2.410037582093824682e+01 2.657677310472308818e+01 2.339885137243478397e+01
4.537930211881560894e+01 4.722626841502120243e+01 4.056505358329502542e+01
4.628678299365639504e+01 4.564900033009751468e+01 5.574302940132083961e+01
4.523112726315132193e+01 4.825235642093684163e+01 4.511550022792902581e+01
4.254551472162147974e+01 4.842951926360990456e+01 4.942188299789171424e+01
4.286355424304607453e+01 4.676542678708873524e+01 3.102466501665693244e+01
4.363876498119820013e+01 4.424673353835799361e+01 6.637983304214222358e+01
4.840112421205709126e+01 4.769625474223642669e+01 6.615236229128423417e+01
4.847853443786480199e+01 4.343156998437363825e+01 5.496649124102923878e+01
4.672509766533858055e+01 4.646140171994344570e+01 4.205196291953481591e+01
4.667948616651389671e+01 4.611833696224069001e+01 4.329488897600082709e+01
4.554313951888310186e+01 4.299781494086990818e+01 4.914068084271192305e+01
4.472749151761600928e+01 4.373508059734326281e+01 5.959024486355733075e+01
4.622435651252036592e+01 4.836780566219631083e+01 4.021331093106199006e+01
4.598205921189009615e+01 4.359785942102207912e+01 4.948208019865221274e+01
4.384202237351478004e+01 4.505796854863712753e+01 3.758234073276886278e+01
4.462065457854360773e+01 4.605006429697454706e+01 5.244076624441149903e+01
4.228418089471910690e+01 4.300935978922891678e+01 4.935607383927809622e+01
4.615649403376149706e+01 4.530353915064090842e+01 4.983330871390990779e+01
4.333760441407812891e+01 4.672004853343995023e+01 7.121459252350337010e+01
4.415938044869569978e+01 4.260352168282075525e+01 5.728717916905438301e+01
4.364368209465437332e+01 4.812027172241054274e+01 4.424934234142905609e+01
4.379169969369808513e+01 4.482070217237746590e+01 3.590917607475084594e+01
4.291027565983753078e+01 4.303327162446360887e+01 5.739299514317157502e+01
4.851398714859220718e+01 4.409300307924263507e+01 4.018397950781122319e+01
4.276828549902593579e+01 4.515944484387406277e+01 5.544362887618336799e+01
4.218672422629363439e+01 4.317844753104837707e+01 5.428799274041701750e+01
4.667703151965385899e+01 4.557720329804420345e+01 5.806832771587531994e+01
4.381437804376670897e+01 4.656042588294417328e+01 4.850600418237323197e+01
4.353686222554485141e+01 4.624129286842089215e+01 3.362332874037088715e+01
4.503183235026375542e+01 4.417040229523038164e+01 3.741495244474779724e+01
2.074700754411093939e+01 4.246854687515062210e+01 3.741699803342255848e+01
4.635754243648106865e+01 2.776287062947319129e+01 5.867843464581687840e+01
8.638556059232314510e+01 1.175318559620330916e+01 5.173791071541141662e+01
1.320681063451533177e+01 7.168596811925937118e+01 3.960597028072937320e+01
5.654213118585089859e+01 1.832798362140785997e+01 1.448477593433772270e+01
4.880562806489545835e+01 3.556127378499556357e+01 9.404319452528130796e+01
7.653252538069652644e+01 7.486636198505472350e+01 9.037197397459334525e+01
8.342243544201854988e+00 5.521924699224065591e+01 5.844760689557688949e+01
9.619363785472290829e+01 2.921475267925488595e+01 2.408287799154468090e+01
1.002939422654978152e+01 1.642962959147420410e+00 9.295293167921904853e+01
6.699165465909101158e+01 7.851529120231377590e+01 2.817301057539490827e+01
5.864101661863266912e+01 6.395526612098112906e+00 4.856275959346228888e+01
9.774951397444468171e+01 8.765052453165907309e+01 3.381589518368456027e+01
9.615701545414985674e+01 2.317016264712045270e+01 9.493188224156814670e+01
9.413777047064985481e+01 7.992025873523917312e+01 6.304479368667911388e+01
8.742879666249470461e+01 2.930202845077967311e+01 8.489435553129182210e+01
6.178766919175237859e+01 1.323685775889948957e+00 3.472335179322195842e+01
1.481408609481650274e+01 9.818293898182531620e+01 4.783703070399880630e+01
4.973913654986626653e+01 6.394725163987236272e+01 3.685846061296174980e+01
1.369002716855989377e+01 8.221177331942455169e+01 1.898479119027579642e+01
5.113189825464560556e+01 2.243170289747392587e+01 9.784448449403404524e+00
8.621915174216833577e+01 9.729194890231302395e+01 9.608346580630001199e+01
9.065554992211789909e+01 7.740473326986388258e+01 3.331451520286419310e+01
8.110138998799676813e+00 4.072411714138073080e+01 2.322341421709427323e+01
1.324876347579829705e+01 5.342718178682526187e+00 7.255943642105788172e+01
1.142745862503102838e+00 7.705807485027762027e+01 1.469466454003750577e+01
7.952208258675574903e+00 8.960303423860537464e+00 6.720478073539143793e+01
2.453672098528447520e+01 4.205394666800984282e+01 5.573687913239169234e+01
8.605511738287937362e+01 7.270442627113283152e+01 2.703279052387146209e+01
1.314827992911276056e+01 5.537432042119794673e+00 3.015986344809424935e+01
2.287013749001421987e-04
1.700485851840061196e-05
1.185703323160113877e-03
5.984586217511774072e-04
1.274983322967592272e-03
5.745894124150652304e-04
4.843427923816980897e-05
7.992748418071734390e-04
5.030199767506833759e-05
1.955662415313215452e-04
1.174526162013686060e-03
2.478318391466218244e-04
4.002469395674013012e-04
3.811336723904055319e-04
5.816935679476449437e-05
5.803039958409875838e-04
3.373166000076397580e-04
7.682428491272534632e-04
1.722919999747829717e-03
1.384991172480630819e-03
1.017302012333712704e-03
3.877287853513866774e-04
2.987448931121974632e-04
1.437561738661220908e-03
4.259214599467001420e-04
8.670967519653027767e-04
9.136009561648518115e-04
3.481719181832117920e-04
5.208827828881195716e-05
6.025091863577058384e-04
2.482490228904333379e-04
2.636102862892722421e-04
1.171335102543931726e-04
3.697135406321025783e-05
8.163767710797136749e-05
6.125101217995027232e-05
5.669654432024720643e-06
4.318533666987687354e-05
2.593042017612052596e-04
3.106044195199290730e-04
2.828048209737150606e-04
1.873471468695498950e-04
7.648158841168144152e-05
3.435791854707976266e-04
3.777013119322440130e-04
3.827596844161540533e-04
9.741113804486463531e-05
4.249491235221808058e-04
1.464259924387292686e-05
1.179041369797809402e-04
1.014029737928857808e-04
3.295747475110174531e-04
8.919824093787439700e-05
7.270619790257630305e-05
1.741256685751313643e-04
7.502668600816742321e-05
1.786062419155634454e-04
3.093668044497674798e-04
1.954097856078992489e-04
4.125679400683297891e-04
3.333333333333334065e-07
3.333333333333334065e-07
3.333333333333334065e-07
3.333333333333334065e-07
3.333333333333334065e-07
3.333333379672290030e-07
3.333333333333334065e-07
3.333333333333334065e-07
3.333333333333334065e-07
3.333333333333334065e-07
3.333333333333334065e-07
3.333333333333334065e-07
3.333333333333334065e-07
3.333333333333334065e-07
3.333333333333334065e-07
3.333333333333334065e-07
3.333333333333334065e-07
3.333333333333334065e-07
3.333333333333334065e-07
3.333333333333334065e-07
3.333333333333334065e-07
3.333333333333334065e-07
3.333333333333334065e-07
3.333333333333334065e-07
3.333333333333334065e-07
3.333333333333334065e-07
3.333333333333334065e-07
3.333333333333334065e-07
3.333333333333334065e-07
3.333333333333334065e-07
