90 3
60 30
5.529215703790299585e+01 5.074477648502254112e+01 5.091081832379659744e+01
5.672267959760437606e+01 5.347591708057701965e+01 4.909054045629401486e+01
5.285026525257676866e+01 4.971829249299607056e+01 4.990394403496997455e+01
5.123179550581511421e+01 5.026809529448946279e+01 5.135335399204319629e+01
5.228311317544098102e+01 5.022646272315910920e+01 5.041306128116966079e+01
5.100102298212279806e+01 5.278079449072645701e+01 4.980907872285459348e+01
5.093920310495270343e+01 4.841034870973482640e+01 4.762417527214662982e+01
5.196085578632108337e+01 5.160889705408480665e+01 4.930933762575415358e+01
5.680926387196282690e+01 4.729312047261417007e+01 5.004258309854603226e+01
4.943844844992249676e+01 5.285282356962535744e+01 5.136739241103349229e+01
5.046484227709074588e+01 5.070383975654414854e+01 4.917382226941382584e+01
4.405761059532822088e+01 4.935246252659285204e+01 5.014549911036376528e+01
5.369087204218315890e+01 5.223788105953044436e+01 4.963955178165960547e+01
4.909309174827399147e+01 4.804842303136529580e+01 4.867852440764910682e+01
4.488118942812496215e+01 5.363080212363904309e+01 4.952571520320992704e+01
4.868577709516644347e+01 4.766828510095395188e+01 5.072353630304219507e+01
4.515830645732614812e+01 4.960404572301227688e+01 4.916667446698971844e+01
5.116070749357778880e+01 4.904928451384817834e+01 4.890129795264336110e+01
4.991545331498403471e+01 5.079721544004779332e+01 5.006190125036375349e+01
5.090741569321934179e+01 4.881939355476935560e+01 4.966243130833601072e+01
4.798261865667214465e+01 4.933079616152969749e+01 4.924328211876862582e+01
4.482115219300496989e+01 5.033022726022616666e+01 4.962610070846999832e+01
4.510940495910186598e+01 5.086133483139703060e+01 4.915566373344956475e+01
5.015583618738841665e+01 5.135699043977579237e+01 5.012003212349198122e+01
5.341820205362990492e+01 4.770173018286831024e+01 5.037442108629893767e+01
4.794556972717906262e+01 4.837926388335817052e+01 4.946131968928061440e+01
4.906534240361788335e+01 5.010453548078426422e+01 4.891570589658496715e+01
5.270247946086256263e+01 5.086669545822901028e+01 4.857036416078549479e+01
5.446475658138680132e+01 5.352864735906626947e+01 5.109697799673146079e+01
4.946022549256294809e+01 4.800710481505195304e+01 5.098127790077071353e+01
4.879046915908045889e+01 5.227522664496659388e+01 5.019382170662770903e+01
5.292991710945113937e+01 5.066327260166241331e+01 5.065754042363059284e+01
5.003150006216246481e+01 5.332387951871167076e+01 5.011810501014880259e+01
5.120596809033410324e+01 5.350493837820410903e+01 4.874576886880195303e+01
4.618854500454280299e+01 5.180425057401885169e+01 4.890828565887436241e+01
5.583086355694787528e+01 4.923016833337624121e+01 4.930441492051398455e+01
5.576882607944115477e+01 5.275554851776281140e+01 5.173795944323263285e+01
5.271813397482615926e+01 4.839707838540911666e+01 5.177751572655458290e+01
4.919598988714585630e+01 5.149353964229136693e+01 5.088151728400427487e+01
4.953496972072749571e+01 5.114293049183684303e+01 5.085821000965618310e+01
5.112927659346689069e+01 4.795378456436331760e+01 5.027754189408589269e+01
5.397915769006109343e+01 4.870726354951569448e+01 4.986074936968156379e+01
4.869453934483508561e+01 5.344186762296828164e+01 5.062564076762463827e+01
5.122238550872333462e+01 4.856702472004074878e+01 5.050182791768304469e+01
4.797700201802787490e+01 5.005924334439608714e+01 4.940827854981959888e+01
5.202929988483950297e+01 5.107315643131101979e+01 4.980615616591419581e+01
5.118802013798493533e+01 4.796558329735584181e+01 4.861222843805526139e+01
5.131817510379361380e+01 5.031021432935441595e+01 5.059096334085437974e+01
5.714943432459182304e+01 5.175787439983107419e+01 4.915052320150527265e+01
5.335104886428755577e+01 4.755082033929903673e+01 4.957044712387271090e+01
4.979527518402610298e+01 5.318889012414823014e+01 4.930692754376200071e+01
4.752068438402295669e+01 4.981675920475765196e+01 4.938256388280268538e+01
5.337990776631951917e+01 4.799002098163907704e+01 4.893216009639888853e+01
4.868653986576669723e+01 4.907305716279042684e+01 5.179563190507533932e+01
5.284826242077728153e+01 5.016295122130696171e+01 4.885960375166034453e+01
5.253308892920463791e+01 4.813838947514155109e+01 4.856242851113827186e+01
5.356408937705690221e+01 5.058989666942755292e+01 5.085695569595747401e+01
5.095618295882906068e+01 5.159474146172814102e+01 4.939415241947505564e+01
4.689727147464660817e+01 5.126859034130047377e+01 4.925234306267023499e+01
4.793135066674939537e+01 4.915215847749563238e+01 5.001626619032173693e+01
2.074700754411093939e+01 4.246854687515062210e+01 3.741699803342255848e+01
4.635754243648106865e+01 2.776287062947319129e+01 5.867843464581687840e+01
8.638556059232314510e+01 1.175318559620330916e+01 5.173791071541141662e+01
1.320681063451533177e+01 7.168596811925937118e+01 3.960597028072937320e+01
5.654213118585089859e+01 1.832798362140785997e+01 1.448477593433772270e+01
4.880562806489545835e+01 3.556127378499556357e+01 9.404319452528130796e+01
7.653252538069652644e+01 7.486636198505472350e+01 9.037197397459334525e+01
8.342243544201854988e+00 5.521924699224065591e+01 5.844760689557688949e+01
9.619363785472290829e+01 2.921475267925488595e+01 2.408287799154468090e+01
1.002939422654978152e+01 1.642962959147420410e+00 9.295293167921904853e+01
6.699165465909101158e+01 7.851529120231377590e+01 2.817301057539490827e+01
5.864101661863266912e+01 6.395526612098112906e+00 4.856275959346228888e+01
9.774951397444468171e+01 8.765052453165907309e+01 3.381589518368456027e+01
9.615701545414985674e+01 2.317016264712045270e+01 9.493188224156814670e+01
9.413777047064985481e+01 7.992025873523917312e+01 6.304479368667911388e+01
8.742879666249470461e+01 2.930202845077967311e+01 8.489435553129182210e+01
6.178766919175237859e+01 1.323685775889948957e+00 3.472335179322195842e+01
1.481408609481650274e+01 9.818293898182531620e+01 4.783703070399880630e+01
4.973913654986626653e+01 6.394725163987236272e+01 3.685846061296174980e+01
1.369002716855989377e+01 8.221177331942455169e+01 1.898479119027579642e+01
5.113189825464560556e+01 2.243170289747392587e+01 9.784448449403404524e+00
8.621915174216833577e+01 9.729194890231302395e+01 9.608346580630001199e+01
9.065554992211789909e+01 7.740473326986388258e+01 3.331451520286419310e+01
8.110138998799676813e+00 4.072411714138073080e+01 2.322341421709427323e+01
1.324876347579829705e+01 5.342718178682526187e+00 7.255943642105788172e+01
1.142745862503102838e+00 7.705807485027762027e+01 1.469466454003750577e+01
7.952208258675574903e+00 8.960303423860537464e+00 6.720478073539143793e+01
2.453672098528447520e+01 4.205394666800984282e+01 5.573687913239169234e+01
8.605511738287937362e+01 7.270442627113283152e+01 2.703279052387146209e+01
1.314827992911276056e+01 5.537432042119794673e+00 3.015986344809424935e+01
7.375546848285394370e-04
5.430711616470241675e-05
3.826265191410975746e-03
1.930941067489844697e-03
4.114415151747438139e-03
1.853903525618262301e-03
1.557451353552108386e-04
2.579072630760844559e-03
1.617731706898056982e-04
6.306115017353712375e-04
3.790191058929309395e-03
7.992979926884045960e-04
1.291215614055242922e-03
1.229527809498476287e-03
1.871649630641540585e-04
1.872347264317528919e-03
1.088108816483467816e-03
2.478917305053379878e-03
5.560124559518573456e-03
4.469463959344195138e-03
3.282752297819187173e-03
1.250813445052010144e-03
9.636191677827618367e-04
4.639134732109290345e-03
1.374079772264316570e-03
2.797966904552855617e-03
2.948058578214070302e-03
1.123144205243279802e-03
1.675383665803759255e-04
1.944014208543034606e-03
2.611473217820785720e-03
2.773253407682567655e-03
1.230604211324549382e-03
3.863605764345500837e-04
8.567728097899690240e-04
6.420666077628040067e-04
5.670052323137136593e-05
4.518043657767898649e-04
2.727903025072490797e-03
3.268181435348551690e-03
2.975404453786759541e-03
1.970073040649089266e-03
8.024704398239026733e-04
3.615461718074640916e-03
3.974825655407922785e-03
4.028098907717378614e-03
1.022894139715250974e-03
4.472425346989992653e-03
1.512008698232881196e-04
1.238720219409877865e-03
1.064934949018787836e-03
3.467971204227202672e-03
9.363983861573497644e-04
7.627091664502848485e-04
1.830828421688520747e-03
7.871478468209905854e-04
1.878016467807139744e-03
3.255147246959995324e-03
2.054986318418651221e-03
4.342030459676943406e-03
5.000000000000000833e-07
5.000000000000000833e-07
5.000000000000000833e-07
5.000000000000000833e-07
5.000000000000000833e-07
5.000000000000000833e-07
5.000000000000000833e-07
5.000000000000000833e-07
5.000000000000000833e-07
5.000000000000000833e-07
5.000000000000000833e-07
5.000000000000000833e-07
5.000000000000000833e-07
5.000000000000000833e-07
5.000000000000000833e-07
5.000000000000000833e-07
5.000000000000000833e-07
5.000000000000000833e-07
5.000000000000000833e-07
5.000000000000000833e-07
5.000000000000000833e-07
5.000000000000000833e-07
5.000000000000000833e-07
5.000000000000000833e-07
5.000000000000000833e-07
5.000000000000000833e-07
5.000000000000000833e-07
5.000000000000000833e-07
5.000000000000000833e-07
5.000000000000000833e-07
