90 3
60 30
6.940457580564429918e+01 5.178243874787312961e+01 5.072875041637029625e+01
7.464982519121603843e+01 4.822022033596396540e+01 5.340112244502787320e+01
6.045097259278148272e+01 4.981202192626057013e+01 4.972435426312158313e+01
5.451658352132209728e+01 5.264846515708141084e+01 5.026232643137249312e+01
5.837141497661692568e+01 5.080834609226344156e+01 5.022158970793708477e+01
5.367041760111693804e+01 4.962637391751311355e+01 5.272095747343016825e+01
5.344374471815991257e+01 4.535059633470144291e+01 4.844455475842626413e+01
5.718980454984396999e+01 4.864839853855556839e+01 5.157427687586801568e+01
7.496730086386368441e+01 5.008333359449397904e+01 4.735136699088055678e+01
4.794097764971583331e+01 5.267593783885934755e+01 5.279143663368017769e+01
5.170442168266608007e+01 4.838319985319537153e+01 5.068869456267002960e+01
2.821123884953680516e+01 5.028473653342020810e+01 4.936639621033880587e+01
6.353319748800493016e+01 4.929461578210933226e+01 5.218972643030029701e+01
4.667466974367130916e+01 4.741391972621221385e+01 4.809041698137371412e+01
3.123102790312486121e+01 4.907184168649361311e+01 5.355267467833658657e+01
4.518118268227694756e+01 5.141593455944052238e+01 4.771845884274232219e+01
3.224712367686252890e+01 4.836921186056279964e+01 4.961256585026355737e+01
5.425592747645188041e+01 4.784987955291360606e+01 4.906974196914681130e+01
4.968999548827479629e+01 5.012113852379498979e+01 5.078006099219697944e+01
5.332719087513759604e+01 4.933939019410296112e+01 4.884479779392437848e+01
4.260293507446453987e+01 4.851913028375077630e+01 4.934519606119536661e+01
3.101089137435155507e+01 4.926829251496897655e+01 5.032312144411937993e+01
3.206781818337351098e+01 4.834766425047228466e+01 5.084280066521679942e+01
5.057139935375752771e+01 5.023489855475214938e+01 5.132779077734603135e+01
6.253340752997630858e+01 5.073272861865372363e+01 4.775118425480992812e+01
4.246708899965655348e+01 4.894582197848163219e+01 4.841413881401832242e+01
4.657292214659889851e+01 4.787807538174988053e+01 5.010228609076546746e+01
5.990909135649605588e+01 4.720225400764650203e+01 5.084804594230914887e+01
6.637077413175160245e+01 5.214674654193173353e+01 5.345271807563267430e+01
4.802082680606414300e+01 5.192032560947459530e+01 4.804998784867746053e+01
4.556505358329502542e+01 5.037930211881560894e+01 5.222626841502120243e+01
6.074302940132083961e+01 5.128678299365639504e+01 5.064900033009751468e+01
5.011550022792902581e+01 5.023112726315132193e+01 5.325235642093684163e+01
5.442188299789171424e+01 4.754551472162147974e+01 5.342951926360990456e+01
3.602466501665693244e+01 4.786355424304607453e+01 5.176542678708873524e+01
7.137983304214222358e+01 4.863876498119820013e+01 4.924673353835799361e+01
7.115236229128423417e+01 5.340112421205709126e+01 5.269625474223642669e+01
5.996649124102923878e+01 5.347853443786480199e+01 4.843156998437363825e+01
4.705196291953481591e+01 5.172509766533858055e+01 5.146140171994344570e+01
4.829488897600082709e+01 5.167948616651389671e+01 5.111833696224069001e+01
5.414068084271192305e+01 5.054313951888310186e+01 4.799781494086990818e+01
6.459024486355733075e+01 4.972749151761600928e+01 4.873508059734326281e+01
4.521331093106199006e+01 5.122435651252036592e+01 5.336780566219631083e+01
5.448208019865221274e+01 5.098205921189009615e+01 4.859785942102207912e+01
4.258234073276886278e+01 4.884202237351478004e+01 5.005796854863712753e+01
5.744076624441149903e+01 4.962065457854360773e+01 5.105006429697454706e+01
5.435607383927809622e+01 4.728418089471910690e+01 4.800935978922891678e+01
5.483330871390990779e+01 5.115649403376149706e+01 5.030353915064090842e+01
7.621459252350337010e+01 4.833760441407812891e+01 5.172004853343995023e+01
6.228717916905438301e+01 4.915938044869569978e+01 4.760352168282075525e+01
4.924934234142905609e+01 4.864368209465437332e+01 5.312027172241054274e+01
4.090917607475084594e+01 4.879169969369808513e+01 4.982070217237746590e+01
6.239299514317157502e+01 4.791027565983753078e+01 4.803327162446360887e+01
4.518397950781122319e+01 5.351398714859220718e+01 4.909300307924263507e+01
6.044362887618336799e+01 4.776828549902593579e+01 5.015944484387406277e+01
5.928799274041701750e+01 4.718672422629363439e+01 4.817844753104837707e+01
6.306832771587531994e+01 5.167703151965385899e+01 5.057720329804420345e+01
5.350600418237323197e+01 4.881437804376670897e+01 5.156042588294417328e+01
3.862332874037088715e+01 4.853686222554485141e+01 5.124129286842089215e+01
4.241495244474779724e+01 5.003183235026375542e+01 4.917040229523038164e+01
2.074700754411093939e+01 4.246854687515062210e+01 3.741699803342255848e+01
4.635754243648106865e+01 2.776287062947319129e+01 5.867843464581687840e+01
8.638556059232314510e+01 1.175318559620330916e+01 5.173791071541141662e+01
1.320681063451533177e+01 7.168596811925937118e+01 3.960597028072937320e+01
5.654213118585089859e+01 1.832798362140785997e+01 1.448477593433772270e+01
4.880562806489545835e+01 3.556127378499556357e+01 9.404319452528130796e+01
7.653252538069652644e+01 7.486636198505472350e+01 9.037197397459334525e+01
8.342243544201854988e+00 5.521924699224065591e+01 5.844760689557688949e+01
9.619363785472290829e+01 2.921475267925488595e+01 2.408287799154468090e+01
1.002939422654978152e+01 1.642962959147420410e+00 9.295293167921904853e+01
6.699165465909101158e+01 7.851529120231377590e+01 2.817301057539490827e+01
5.864101661863266912e+01 6.395526612098112906e+00 4.856275959346228888e+01
9.774951397444468171e+01 8.765052453165907309e+01 3.381589518368456027e+01
9.615701545414985674e+01 2.317016264712045270e+01 9.493188224156814670e+01
9.413777047064985481e+01 7.992025873523917312e+01 6.304479368667911388e+01
8.742879666249470461e+01 2.930202845077967311e+01 8.489435553129182210e+01
6.178766919175237859e+01 1.323685775889948957e+00 3.472335179322195842e+01
1.481408609481650274e+01 9.818293898182531620e+01 4.783703070399880630e+01
4.973913654986626653e+01 6.394725163987236272e+01 3.685846061296174980e+01
1.369002716855989377e+01 8.221177331942455169e+01 1.898479119027579642e+01
5.113189825464560556e+01 2.243170289747392587e+01 9.784448449403404524e+00
8.621915174216833577e+01 9.729194890231302395e+01 9.608346580630001199e+01
9.065554992211789909e+01 7.740473326986388258e+01 3.331451520286419310e+01
8.110138998799676813e+00 4.072411714138073080e+01 2.322341421709427323e+01
1.324876347579829705e+01 5.342718178682526187e+00 7.255943642105788172e+01
1.142745862503102838e+00 7.705807485027762027e+01 1.469466454003750577e+01
7.952208258675574903e+00 8.960303423860537464e+00 6.720478073539143793e+01
2.453672098528447520e+01 4.205394666800984282e+01 5.573687913239169234e+01
8.605511738287937362e+01 7.270442627113283152e+01 2.703279052387146209e+01
1.314827992911276056e+01 5.537432042119794673e+00 3.015986344809424935e+01
1.054766151468242846e-04
8.163595445562358261e-06
5.453929209835930037e-04
2.754472639912022782e-04
5.864333052501294547e-04
2.644750246833523855e-04
2.261112575913118780e-05
3.677588103153901300e-04
2.346968179091107304e-05
9.024499990139674631e-05
5.402549842738304034e-04
1.142705399403480223e-04
1.843329761274003684e-04
1.755469565124317629e-04
2.708616299758035255e-05
2.671019142468473388e-04
1.554050491210662982e-04
3.534939704085060725e-04
7.923416092574999282e-04
6.370019032125624628e-04
4.679819160305561136e-04
1.785786094109935484e-04
1.376743403820579448e-04
6.611676317274949076e-04
1.961350839286723124e-04
3.989353029294383712e-04
4.203124357080503110e-04
1.603950404989980879e-04
2.429080234371117748e-05
2.773092345143539513e-04
3.723735343356500069e-04
3.954154294339083902e-04
1.757002653815897656e-04
5.545703109481538336e-05
1.224565156619570445e-04
9.187651826992541525e-05
8.504481648037080541e-06
6.477800500481531031e-05
3.889563026418078624e-04
4.659066292798935824e-04
4.242072314605725637e-04
2.810207203043248560e-04
1.147223826175221691e-04
5.153687782061964128e-04
5.665519678983660466e-04
5.741395266242310799e-04
1.461167070672969462e-04
6.374236852832712357e-04
2.196389886580939028e-05
1.768562054696714170e-04
1.521044606893286644e-04
4.943621212665261526e-04
1.337973614068116023e-04
1.090592968538644614e-04
2.611885028626970465e-04
1.125400290122511416e-04
2.679093628733451816e-04
4.640502066746512197e-04
2.931146784118488597e-04
6.188519101024946836e-04
5.000000000002107827e-07
5.000000000000000833e-07
5.000000000000000833e-07
5.000000000000000833e-07
5.000000000000000833e-07
5.000000000000000833e-07
5.000000000000000833e-07
5.000002341880227646e-07
5.000000000000000833e-07
5.000000000000000833e-07
5.000000000000000833e-07
5.000000000000000833e-07
5.000000000000000833e-07
5.000000000000000833e-07
5.000000000000000833e-07
5.000000000000000833e-07
5.000000000000000833e-07
5.000000000000000833e-07
5.000000000000000833e-07
5.000000000000000833e-07
5.000000000000000833e-07
5.000000000000000833e-07
5.000000000000000833e-07
5.000000000000000833e-07
5.000000000000000833e-07
5.000000000000000833e-07
5.000000000000000833e-07
5.000307118861878888e-07
5.000000000000000833e-07
5.000000000000000833e-07
