90 3
60 30
5.529215703790299585e+01 5.069309261590695570e+01 5.097873798410574153e+01
5.672267959760437606e+01 5.323470532502096120e+01 4.902272212012358921e+01
5.285026525257676866e+01 4.973784162513660334e+01 4.989678114820644339e+01
5.123179550581511421e+01 5.024949078375430389e+01 5.145427350696297708e+01
5.228311317544098102e+01 5.021074731057736074e+01 5.044386323274542860e+01
5.100102298212279806e+01 5.258782086523439148e+01 4.979484173623419707e+01
5.093920310495270343e+01 4.852066278500131347e+01 4.744701018416591864e+01
5.196085578632108337e+01 5.149724741632637404e+01 4.925783497959356083e+01
5.680926387196282690e+01 4.748096475881075662e+01 5.004575851730144365e+01
4.943844844992249676e+01 5.265485147605435401e+01 5.146935876990028191e+01
5.046484227709074588e+01 5.065499669746922962e+01 4.911221425236988836e+01
4.405761059532822088e+01 4.939739848079661044e+01 5.015634896910398055e+01
5.369087204218315890e+01 5.208258298809158759e+01 4.961267318259204728e+01
4.909309174827399147e+01 4.818385299007680089e+01 4.857998206282102416e+01
4.488118942812496215e+01 5.337884209869671537e+01 4.949034781824834539e+01
4.868577709516644347e+01 4.783009478490698285e+01 5.077749035583190818e+01
4.515830645732614812e+01 4.963152302585296383e+01 4.910453343880632104e+01
5.116070749357778880e+01 4.911525954896350044e+01 4.881936781587759100e+01
4.991545331498403471e+01 5.074189256225970013e+01 5.006651722238316893e+01
5.090741569321934179e+01 4.890132190538110279e+01 4.963725883401286154e+01
4.798261865667214465e+01 4.937723565618976096e+01 4.918685371795554317e+01
4.482115219300496989e+01 5.030731109297444448e+01 4.959821906379173839e+01
4.510940495910186598e+01 5.080156237941196196e+01 4.909270163561675560e+01
5.015583618738841665e+01 5.126282189701044700e+01 5.012898291075740786e+01
5.341820205362990492e+01 4.786121894064955740e+01 5.040234164117755000e+01
4.794556972717906262e+01 4.849173509453084563e+01 4.942115033523558765e+01
4.906534240361788335e+01 5.009728122636641245e+01 4.883485015921664285e+01
5.270247946086256263e+01 5.080655100478963959e+01 4.846375631372277581e+01
5.446475658138680132e+01 5.328377637840486614e+01 5.117877957115965160e+01
4.946022549256294809e+01 4.814540205720616939e+01 5.105445172693113420e+01
4.879046915908045889e+01 5.211733697136447319e+01 5.020827497807685802e+01
5.292991710945113937e+01 5.061724470601633641e+01 5.070657316819195159e+01
5.003150006216246481e+01 5.309321843118303264e+01 5.012691209270361981e+01
5.120596809033410324e+01 5.326171268561017769e+01 4.865224093885755252e+01
4.618854500454280299e+01 5.167904435121969442e+01 4.882687659488583876e+01
5.583086355694787528e+01 4.928359091034926109e+01 4.925254518855923891e+01
5.576882607944115477e+01 5.256432684012166590e+01 5.186755896042657099e+01
5.271813397482615926e+01 4.850831335670194022e+01 5.191006495309903102e+01
4.919598988714585630e+01 5.138989524837795386e+01 5.094725196777374521e+01
4.953496972072749571e+01 5.106361666931931609e+01 5.092220667156652780e+01
5.112927659346689069e+01 4.809578197282678502e+01 5.029823817420605536e+01
5.397915769006109343e+01 4.879697317764090059e+01 4.985036545967233224e+01
4.869453934483508561e+01 5.320301873432048012e+01 5.067229475701243757e+01
5.122238550872333462e+01 4.866646624149672817e+01 5.053924919129181603e+01
4.797700201802787490e+01 5.005513214416446033e+01 4.936415392162111715e+01
5.202929988483950297e+01 5.099868458955470629e+01 4.979170124442200773e+01
5.118802013798493533e+01 4.810676193108087517e+01 4.850874240729439180e+01
5.131817510379361380e+01 5.028868696226031432e+01 5.063503143689210617e+01
5.714943432459182304e+01 5.163588645817398515e+01 4.908717777455584041e+01
5.335104886428755577e+01 4.772078150693764798e+01 4.953841539518528947e+01
4.979527518402610298e+01 5.296759664467504081e+01 4.925524517795155788e+01
4.752068438402295669e+01 4.982947522556173681e+01 4.933652171363789307e+01
5.337990776631951917e+01 4.812950375882005716e+01 4.885253134758890070e+01
4.868653986576669723e+01 4.913738249158288340e+01 5.192953205381698467e+01
5.284826242077728153e+01 5.015164319834487827e+01 4.877456448116983267e+01
5.253308892920463791e+01 4.826757619981111702e+01 4.845522890322239107e+01
5.356408937705690221e+01 5.054896070693742161e+01 5.092085882378081862e+01
5.095618295882906068e+01 5.148407415329579351e+01 4.934897440669985258e+01
4.689727147464660817e+01 5.118055633582421393e+01 4.919659033582615848e+01
4.793135066674939537e+01 4.921099455940891687e+01 5.001747915902505781e+01
2.074700754411093939e+01 4.246854687515062210e+01 3.741699803342255848e+01
4.635754243648106865e+01 2.776287062947319129e+01 5.867843464581687840e+01
8.638556059232314510e+01 1.175318559620330916e+01 5.173791071541141662e+01
1.320681063451533177e+01 7.168596811925937118e+01 3.960597028072937320e+01
5.654213118585089859e+01 1.832798362140785997e+01 1.448477593433772270e+01
4.880562806489545835e+01 3.556127378499556357e+01 9.404319452528130796e+01
7.653252538069652644e+01 7.486636198505472350e+01 9.037197397459334525e+01
8.342243544201854988e+00 5.521924699224065591e+01 5.844760689557688949e+01
9.619363785472290829e+01 2.921475267925488595e+01 2.408287799154468090e+01
1.002939422654978152e+01 1.642962959147420410e+00 9.295293167921904853e+01
6.699165465909101158e+01 7.851529120231377590e+01 2.817301057539490827e+01
5.864101661863266912e+01 6.395526612098112906e+00 4.856275959346228888e+01
9.774951397444468171e+01 8.765052453165907309e+01 3.381589518368456027e+01
9.615701545414985674e+01 2.317016264712045270e+01 9.493188224156814670e+01
9.413777047064985481e+01 7.992025873523917312e+01 6.304479368667911388e+01
8.742879666249470461e+01 2.930202845077967311e+01 8.489435553129182210e+01
6.178766919175237859e+01 1.323685775889948957e+00 3.472335179322195842e+01
1.481408609481650274e+01 9.818293898182531620e+01 4.783703070399880630e+01
4.973913654986626653e+01 6.394725163987236272e+01 3.685846061296174980e+01
1.369002716855989377e+01 8.221177331942455169e+01 1.898479119027579642e+01
5.113189825464560556e+01 2.243170289747392587e+01 9.784448449403404524e+00
8.621915174216833577e+01 9.729194890231302395e+01 9.608346580630001199e+01
9.065554992211789909e+01 7.740473326986388258e+01 3.331451520286419310e+01
8.110138998799676813e+00 4.072411714138073080e+01 2.322341421709427323e+01
1.324876347579829705e+01 5.342718178682526187e+00 7.255943642105788172e+01
1.142745862503102838e+00 7.705807485027762027e+01 1.469466454003750577e+01
7.952208258675574903e+00 8.960303423860537464e+00 6.720478073539143793e+01
2.453672098528447520e+01 4.205394666800984282e+01 5.573687913239169234e+01
8.605511738287937362e+01 7.270442627113283152e+01 2.703279052387146209e+01
1.314827992911276056e+01 5.537432042119794673e+00 3.015986344809424935e+01
7.375546848285407381e-04
5.430711616470232188e-05
3.826265191410975746e-03
1.930941067489839492e-03
4.114415151747438139e-03
1.853903525618259048e-03
1.557451353552113808e-04
2.579072630760855835e-03
1.617731706898062674e-04
6.306115017353779596e-04
3.790191058929312865e-03
7.992979926884045960e-04
1.291215614055242922e-03
1.229527809498475203e-03
1.871649630641538959e-04
1.872347264317527401e-03
1.088108816483463045e-03
2.478917305053382047e-03
5.560124559518568252e-03
4.469463959344182995e-03
3.282752297819178499e-03
1.250813445052011228e-03
9.636191677827627040e-04
4.639134732109299018e-03
1.374079772264316570e-03
2.797966904552858219e-03
2.948058578214081144e-03
1.123144205243277851e-03
1.675383665803753292e-04
1.944014208543034606e-03
2.611473217820799598e-03
2.773253407682560283e-03
1.230604211324545045e-03
3.863605764345504089e-04
8.567728097899682651e-04
6.420666077628034646e-04
5.670052323137116264e-05
4.518043657767906781e-04
2.727903025072500338e-03
3.268181435348549088e-03
2.975404453786762143e-03
1.970073040649085797e-03
8.024704398238984449e-04
3.615461718074647422e-03
3.974825655407915846e-03
4.028098907717378614e-03
1.022894139715250974e-03
4.472425346989984847e-03
1.512008698232881196e-04
1.238720219409873528e-03
1.064934949018787836e-03
3.467971204227211779e-03
9.363983861573547517e-04
7.627091664502840896e-04
1.830828421688519229e-03
7.871478468209975243e-04
1.878016467807141479e-03
3.255147246959995324e-03
2.054986318418654690e-03
4.342030459676947743e-03
5.000000000000000833e-07
5.000000000000000833e-07
5.000000000000000833e-07
5.000000000000000833e-07
5.000000000000000833e-07
5.000000000000000833e-07
5.000000000000000833e-07
5.000000000000000833e-07
5.000000000000000833e-07
5.000000000000000833e-07
5.000000000000000833e-07
5.000000000000000833e-07
5.000000000000000833e-07
5.000000000000000833e-07
5.000000000000000833e-07
5.000000000000000833e-07
5.000000000000000833e-07
5.000000000000000833e-07
5.000000000000000833e-07
5.000000000000000833e-07
5.000000000000000833e-07
5.000000000000000833e-07
5.000000000000000833e-07
5.000000000000000833e-07
5.000000000000000833e-07
5.000000000000000833e-07
5.000000000000000833e-07
5.000000000000000833e-07
5.000000000000000833e-07
5.000000000000000833e-07
