12 3
8 4
5.966211262506396906e+01 5.219175129571023319e+01 5.536076871781845909e+01
6.227387754162555922e+01 6.022903638654148040e+01 4.464722860240865998e+01
5.520384857903152209e+01 4.917098242774342509e+01 4.943464706512885698e+01
5.224894061589475314e+01 5.078895913188413402e+01 5.796538404545767520e+01
5.416837529175425203e+01 5.066644151217935388e+01 5.243113905021835564e+01
5.182760955963249216e+01 5.818340811064832252e+01 4.887630191076875974e+01
5.171474242220496365e+01 4.532192497315394064e+01 3.601669888786715035e+01
5.358001648727528732e+01 5.473471205639373238e+01 4.593499476932110070e+01
4.561503322165485486e+01 5.684339488686484998e+01 1.878980043635514185e+00
6.176354970758770691e+01 6.120957227224214137e+01 6.169339968747569003e+01
9.437480785146242113e+01 6.818202991034834781e+01 3.595079005737859745e+01
4.370319537993414372e+01 6.976311959272648267e+01 6.022547162926983333e+00
2.380771564155752663e-05
2.201530414057236995e-06
1.214813179784872209e-04
6.154590661994740477e-05
1.305934198019915917e-04
5.910976564339943560e-05
5.409282233836029416e-06
8.204162625376634299e-05
5.000000000000012479e-07
7.427390122747311743e-07
5.000000000000002950e-07
5.000000000000015656e-07
