90 3
60 30
5.585069974212095190e+01 5.132717131731014604e+01 5.324610666134756087e+01
5.743220193701037601e+01 5.619398912755768549e+01 4.675873595653592929e+01
5.315108679859490337e+01 4.949800493076087093e+01 4.965766179730946561e+01
5.136180117041159576e+01 5.047773847900349153e+01 5.482327956515048584e+01
5.252407658561819659e+01 5.040355037606701671e+01 5.147212780125076392e+01
5.110667254607465537e+01 5.495529969278573645e+01 4.931956701644807595e+01
5.103832810035496692e+01 4.716728489769497656e+01 4.153269068727982472e+01
5.216780763707477320e+01 5.286701052681802793e+01 4.753851709478537657e+01
5.752792445394109677e+01 4.517641474938378110e+01 5.015176383285188422e+01
4.937918140265015410e+01 5.508365354048273588e+01 5.487331172217739805e+01
5.051390247326814631e+01 5.125422318729582827e+01 4.705554778088576739e+01
4.343044132884010367e+01 4.884610594067905254e+01 5.051855086687677243e+01
5.408041257104477495e+01 5.398784281390215511e+01 4.871538227541532251e+01
4.899737520324922002e+01 4.652234324205782201e+01 4.529033330680287150e+01
4.434094198672865161e+01 5.646999003624110713e+01 4.830967493954374703e+01
4.854707191125871191e+01 4.584494785161619745e+01 5.257864378841435382e+01
4.464730638968807597e+01 4.929442031273519831e+01 4.703007340421075355e+01
5.128321041585045492e+01 4.830585101769817413e+01 4.608428602984816536e+01
4.990653012284455770e+01 5.142061610030048513e+01 5.022061266874159458e+01
5.100318579442960498e+01 4.789619161902757583e+01 4.879692365640463692e+01
4.776970100837279176e+01 4.880749707098398460e+01 4.730309888278603836e+01
4.427456832594752711e+01 5.058845594185591921e+01 4.866744338667948000e+01
4.459324374925602541e+01 5.153487510121337323e+01 4.699083175243762867e+01
5.017228338744229887e+01 5.241811983293217736e+01 5.042778791935022298e+01
5.377896455650422070e+01 4.590454607244413410e+01 5.133441626132173496e+01
4.772874187570182158e+01 4.711189258765256227e+01 4.808017285195342794e+01
4.896669714844836108e+01 5.018627936639796872e+01 4.613563515357927258e+01
5.298770345844102536e+01 5.154442759154741793e+01 4.490485610606599920e+01
5.493597412024329429e+01 5.628795304098950680e+01 5.390956954807260360e+01
4.940325682914413363e+01 4.644871531116010033e+01 5.349722073777287079e+01
4.866281334276894910e+01 5.405439162527810737e+01 5.069076995550044273e+01
5.323914523963069456e+01 5.118193362731825857e+01 5.234343808582536894e+01
5.003482462902191941e+01 5.592306235245233381e+01 5.042091979285670789e+01
5.133324788825988350e+01 5.624570428583182746e+01 4.552998888638884267e+01
4.578627795824757385e+01 5.321512515396577925e+01 4.610918983245223757e+01
5.644626220738440026e+01 4.862818103465068731e+01 4.752097284270516298e+01
5.637767719544109468e+01 5.491031205975926355e+01 5.619399234560111722e+01
5.300501017480522847e+01 4.714363754285675867e+01 5.633496877463728225e+01
4.911113337600383488e+01 5.266144677547757169e+01 5.314167935903134321e+01
4.948588968249963926e+01 5.203667086293564381e+01 5.305861350874868521e+01
5.124846224835346220e+01 4.635370008341213577e+01 5.098914412200213775e+01
5.439912434652998030e+01 4.769637901783086420e+01 4.950371837405581488e+01
4.855675894274881443e+01 5.613331392577964607e+01 5.222974945753340137e+01
5.135139802720100022e+01 4.744647726100154728e+01 5.178848723601754500e+01
4.776349158071742806e+01 5.010557001866356330e+01 4.789113713359834179e+01
5.224347543504134705e+01 5.191233539627637583e+01 4.930915118344984194e+01
5.131340568036075922e+01 4.637472510276113269e+01 4.505405809922687155e+01
5.145729740909039407e+01 5.055279344664771912e+01 5.210616100625136937e+01
5.790399703931969100e+01 5.313248408053456018e+01 4.697251117790451502e+01
5.370472391232947729e+01 4.563562886048511302e+01 4.846909705682513447e+01
4.977366820004667858e+01 5.568251494499727983e+01 4.752992769445742027e+01
4.725901345497842243e+01 4.967346991681753821e+01 4.779949146758891487e+01
5.373662862896335923e+01 4.641827238747597306e+01 4.619427702125763346e+01
4.854791518588609733e+01 4.834821322763244922e+01 5.639953384347478504e+01
5.314887258472920450e+01 5.029037461760451322e+01 4.593569017926583342e+01
5.280043517959164490e+01 4.668266098315383061e+01 4.487657388500286970e+01
5.394024906099642180e+01 5.105117972382994651e+01 5.305414320336898015e+01
5.105710003512261608e+01 5.284178564857185023e+01 4.784079237810490071e+01
4.656980455169002653e+01 5.226059327630319018e+01 4.733539159098992855e+01
4.771302211292962880e+01 4.848916960602171855e+01 5.005797181213706892e+01
2.074700754411093939e+01 4.246854687515062210e+01 3.741699803342255848e+01
4.635754243648106865e+01 2.776287062947319129e+01 5.867843464581687840e+01
8.638556059232314510e+01 1.175318559620330916e+01 5.173791071541141662e+01
1.320681063451533177e+01 7.168596811925937118e+01 3.960597028072937320e+01
5.654213118585089859e+01 1.832798362140785997e+01 1.448477593433772270e+01
4.880562806489545835e+01 3.556127378499556357e+01 9.404319452528130796e+01
7.653252538069652644e+01 7.486636198505472350e+01 9.037197397459334525e+01
8.342243544201854988e+00 5.521924699224065591e+01 5.844760689557688949e+01
9.619363785472290829e+01 2.921475267925488595e+01 2.408287799154468090e+01
1.002939422654978152e+01 1.642962959147420410e+00 9.295293167921904853e+01
6.699165465909101158e+01 7.851529120231377590e+01 2.817301057539490827e+01
5.864101661863266912e+01 6.395526612098112906e+00 4.856275959346228888e+01
9.774951397444468171e+01 8.765052453165907309e+01 3.381589518368456027e+01
9.615701545414985674e+01 2.317016264712045270e+01 9.493188224156814670e+01
9.413777047064985481e+01 7.992025873523917312e+01 6.304479368667911388e+01
8.742879666249470461e+01 2.930202845077967311e+01 8.489435553129182210e+01
6.178766919175237859e+01 1.323685775889948957e+00 3.472335179322195842e+01
1.481408609481650274e+01 9.818293898182531620e+01 4.783703070399880630e+01
4.973913654986626653e+01 6.394725163987236272e+01 3.685846061296174980e+01
1.369002716855989377e+01 8.221177331942455169e+01 1.898479119027579642e+01
5.113189825464560556e+01 2.243170289747392587e+01 9.784448449403404524e+00
8.621915174216833577e+01 9.729194890231302395e+01 9.608346580630001199e+01
9.065554992211789909e+01 7.740473326986388258e+01 3.331451520286419310e+01
8.110138998799676813e+00 4.072411714138073080e+01 2.322341421709427323e+01
1.324876347579829705e+01 5.342718178682526187e+00 7.255943642105788172e+01
1.142745862503102838e+00 7.705807485027762027e+01 1.469466454003750577e+01
7.952208258675574903e+00 8.960303423860537464e+00 6.720478073539143793e+01
2.453672098528447520e+01 4.205394666800984282e+01 5.573687913239169234e+01
8.605511738287937362e+01 7.270442627113283152e+01 2.703279052387146209e+01
1.314827992911276056e+01 5.537432042119794673e+00 3.015986344809424935e+01
1.054766151468246641e-04
8.163595445562385366e-06
5.453929209835924616e-04
2.754472639912029829e-04
5.864333052501294547e-04
2.644750246833526023e-04
2.261112575913118780e-05
3.677588103153907806e-04
2.346968179091111370e-05
9.024499990139705802e-05
5.402549842738304034e-04
1.142705399403480223e-04
1.843329761274006937e-04
1.755469565124316003e-04
2.708616299758030512e-05
2.671019142468476098e-04
1.554050491210665693e-04
3.534939704085057473e-04
7.923416092574999282e-04
6.370019032125619207e-04
4.679819160305556799e-04
1.785786094109933857e-04
1.376743403820577009e-04
6.611676317274949076e-04
1.961350839286731798e-04
3.989353029294387507e-04
4.203124357080506904e-04
1.603950404989980879e-04
2.429080234371117748e-05
2.773092345143527045e-04
3.723735343356503321e-04
3.954154294339090950e-04
1.757002653815897656e-04
5.545703109481518685e-05
1.224565156619574781e-04
9.187651826992541525e-05
8.504481648037109340e-06
6.477800500481509347e-05
3.889563026418081876e-04
4.659066292798940160e-04
4.242072314605714795e-04
2.810207203043246392e-04
1.147223826175221691e-04
5.153687782061954371e-04
5.665519678983665887e-04
5.741395266242310799e-04
1.461167070672967023e-04
6.374236852832724284e-04
2.196389886580939028e-05
1.768562054696717152e-04
1.521044606893291794e-04
4.943621212665257189e-04
1.337973614068118462e-04
1.090592968538640819e-04
2.611885028626970465e-04
1.125400290122507486e-04
2.679093628733446937e-04
4.640502066746508402e-04
2.931146784118485887e-04
6.188519101024941415e-04
5.000000000000000833e-07
5.000000026876536243e-07
5.000000000000000833e-07
5.000000000000000833e-07
5.000000000000000833e-07
5.000000000000000833e-07
5.000000000000000833e-07
5.000000000000000833e-07
5.000000000000000833e-07
5.000000000000000833e-07
5.000000000000000833e-07
5.000000000000000833e-07
5.000000000000000833e-07
5.000000000000000833e-07
5.000000000000000833e-07
5.000000000000000833e-07
5.000000000000000833e-07
5.000000000000000833e-07
5.000488637855294474e-07
5.000000000000000833e-07
5.000000000000000833e-07
5.000000000000000833e-07
5.000000000000000833e-07
5.000000000000000833e-07
5.000000000000000833e-07
5.000000000000000833e-07
5.000000000000000833e-07
5.000000000017542885e-07
5.000000000000000833e-07
5.000000000000000833e-07
