90 3
45 45
5.488135039273247173e+01 6.706378696181593568e+01 5.254777738424861155e+01
7.151893663724194994e+01 2.103825610738408969e+01 4.723884552531728787e+01
6.027633760716438616e+01 1.289262976548533146e+01 5.089966325985182749e+01
5.448831829968968776e+01 3.154283509241838601e+01 4.846871808497964906e+01
4.236547993389046951e+01 3.637107709426226165e+01 4.805283837981628636e+01
6.458941130666561037e+01 5.701967704178796481e+01 4.870565280083380344e+01
4.375872112626925059e+01 4.386015134623203693e+01 4.930334735960100545e+01
8.917730007820797766e+01 9.883738380592261308e+01 5.012558952320524952e+01
9.636627605010292541e+01 1.020448107480280697e+01 4.739464575203535901e+01
3.834415188257776919e+01 2.088767560948346969e+01 5.201430926076189110e+01
7.917250380826645539e+01 1.613095178849962608e+01 5.104125286980571019e+01
5.288949197529044710e+01 6.531083254653984227e+01 4.656485468747926859e+01
5.680445610939322876e+01 2.532916025397821258e+01 5.332783307299015263e+01
9.255966382926609981e+01 4.663107728563063148e+01 5.423933707541044669e+01
7.103605819788693765e+00 2.444255920016027517e+01 5.263583125160103293e+01
8.712929970154071668e+00 1.589695836455197231e+01 4.959767583628309495e+01
2.021839744032571939e+00 1.103751411643051306e+01 4.760572435121632395e+01
8.326198455479379845e+01 6.563295894652733864e+01 5.235782574041006399e+01
7.781567509498505331e+01 1.381829513486137984e+01 4.909846893960714453e+01
8.700121482468190948e+01 1.965823616800534879e+01 5.273347027613462501e+01
9.786183422327640358e+01 3.687251706609641388e+01 5.046571700899213653e+01
7.991585642167235903e+01 8.209932298479351687e+01 5.218383127505747865e+01
4.614793622529318640e+01 9.710127579306126577e+00 5.079685948897865444e+01
7.805291762864554528e+01 8.379449074988039570e+01 5.157994563515458708e+01
1.182744258689332284e+01 9.609840789396306704e+00 5.002347876009691419e+01
6.399210213275237891e+01 9.764594650133957998e+01 5.399332782338456838e+01
1.433532874090463949e+01 4.686512016477016118e+01 5.028378406645204990e+01
9.446689170495838539e+01 9.767610881903371478e+01 5.089887554289422411e+01
5.218483217500716620e+01 6.048455197450459764e+01 5.421085297049389595e+01
4.146619399905235781e+01 7.392635793983016868e+01 4.698631912199419247e+01
2.645556121046269737e+01 3.918779225432067470e+00 4.715910917899218191e+01
7.742336894342166431e+01 2.828069625764095818e+01 5.216763693660583812e+01
4.561503322165485486e+01 1.201965612131689021e+01 4.737681632016871447e+01
5.684339488686484998e+01 2.961401975221449234e+01 5.434606909362055660e+01
1.878980043635514185e+00 1.187277189542440503e+01 4.907511984223702939e+01
6.176354970758770691e+01 3.179831793939760232e+01 4.832864023150917632e+01
6.120957227224214137e+01 4.142629945146699555e+01 5.429982908800133856e+01
6.169339968747569003e+01 6.414749634878436524e+00 5.331053171534129831e+01
9.437480785146242113e+01 6.924721193700197830e+01 5.417598878750264646e+01
6.818202991034834781e+01 5.666014542065751414e+01 5.202597744655432876e+01
3.595079005737859745e+01 2.653894909394454160e+01 4.807424082424886080e+01
4.370319537993414372e+01 5.232480534666996874e+01 5.427103507656939030e+01
6.976311959272648267e+01 9.394051075844167542e+00 4.940072624435362059e+01
6.022547162926983333e+00 5.759464955561792721e+01 5.179434704998021743e+01
6.667667154456677281e+01 9.292961975762140980e+01 5.211811979176253828e+01
4.965338689465032473e+01 5.212296946353870197e+01 9.774951397444468171e+01
5.137312321567410578e+01 5.019577052725178135e+01 8.765052453165907309e+01
5.206211680692657495e+01 4.725984287785301774e+01 3.381589518368456027e+01
5.084171307613045343e+01 5.188805301291790784e+01 9.615701545414985674e+01
4.754166509773673255e+01 4.776345049109836793e+01 2.317016264712045270e+01
5.066688083101016815e+01 4.654578681792835226e+01 9.493188224156814670e+01
5.296588902938920995e+01 5.265651537499470436e+01 9.413777047064985481e+01
4.844689905065412461e+01 5.070870522523029678e+01 7.992025873523917312e+01
4.966540699604539100e+01 5.205910292765440772e+01 6.304479368667911388e+01
4.902696707769995044e+01 5.071269669828955529e+01 8.742879666249470461e+01
5.413507940520452166e+01 5.191593149341715474e+01 2.930202845077967311e+01
5.150329677759651048e+01 4.854426251828873973e+01 8.489435553129182210e+01
5.091111236407201091e+01 4.768736270052737325e+01 6.178766919175237859e+01
4.827841532057048113e+01 5.152409167596893980e+01 1.323685775889948957e+00
5.120579784854029270e+01 4.820352137712701079e+01 3.472335179322195842e+01
4.849214633132180552e+01 4.845811982308067911e+01 1.481408609481650274e+01
5.007117529206321649e+01 4.898139835617455873e+01 9.818293898182531620e+01
4.857820494551816637e+01 5.003908458776955825e+01 4.783703070399880630e+01
5.151255082974454069e+01 4.920844555081617955e+01 4.973913654986626653e+01
5.128929626115312601e+01 4.692551544216605208e+01 6.394725163987236272e+01
4.953422982289899323e+01 4.856082549969581663e+01 3.685846061296174980e+01
5.088549792905766367e+01 4.502831941023887197e+01 1.369002716855989377e+01
4.755584016289010663e+01 5.139806002616762015e+01 8.221177331942455169e+01
4.666544665074756892e+01 4.641769017818936760e+01 1.898479119027579642e+01
5.098250971277678190e+01 4.753052377981975951e+01 5.113189825464560556e+01
5.037269326570046957e+01 5.011664466327920309e+01 2.243170289747392587e+01
5.141997346074011688e+01 4.834628686642559359e+01 9.784448449403404524e+00
5.532887371681920285e+01 5.345028552560379609e+01 8.621915174216833577e+01
5.211192033626469566e+01 4.710908406467805776e+01 9.729194890231302395e+01
4.795886745253422134e+01 5.059714389731518480e+01 9.608346580630001199e+01
5.249772435215681554e+01 4.991216094809555415e+01 9.065554992211789909e+01
4.705754157800051729e+01 4.738806353497518842e+01 7.740473326986388258e+01
4.896786544626693427e+01 5.117008218398808594e+01 3.331451520286419310e+01
4.984740713160041281e+01 4.961641074209635605e+01 8.110138998799676813e+00
5.383115079436248607e+01 5.172577613690579312e+01 4.072411714138073080e+01
4.833467759132892638e+01 5.184141126801635835e+01 2.322341421709427323e+01
4.815202724833285686e+01 5.483714263396291244e+01 1.324876347579829705e+01
4.977985346282827805e+01 5.298856734876817143e+01 5.342718178682526187e+00
4.851641745009925444e+01 4.917448431430238287e+01 7.255943642105788172e+01
5.251923450772331137e+01 4.946473188654223208e+01 1.142745862503102838e+00
4.758519973625550392e+01 5.245891360851353369e+01 7.705807485027762027e+01
4.743418209115869644e+01 5.146521424508584630e+01 1.469466454003750577e+01
4.902100461803944853e+01 5.143137760689489824e+01 7.952208258675574903e+00
4.888636558525119113e+01 4.638437636829181088e+01 8.960303423860537464e+00
5.431456483709956018e+01 4.994560513221486531e+01 6.720478073539143793e+01
4.661086409437710496e-06
4.161885066828828253e-06
8.227038582309204878e-06
7.056033635856464670e-06
6.105693393928296343e-06
7.544599798725478692e-06
8.572645618795931427e-06
8.906561418742206694e-06
4.524822909064383245e-06
5.945420956956823734e-06
8.004026776602965145e-06
2.741055830720195239e-06
2.947384655995468130e-06
1.478706371309352793e-06
4.453119568997791705e-06
8.777389524226874947e-06
5.028440658358771709e-06
5.116298834675188855e-06
8.224271248509453967e-06
4.225677237889867781e-06
8.729222304332642348e-06
5.537004287708702809e-06
8.371784062994666592e-06
6.950007196209694660e-06
8.920128843167188278e-06
1.810673373237056524e-06
8.849068297588914259e-06
8.228204221941778042e-06
1.516391523415117779e-06
3.597137076538031162e-06
3.980070172083889322e-06
5.576160890298094906e-06
4.482837669114862585e-06
1.349229730150158181e-06
8.189273477007565614e-06
6.746481896093434603e-06
1.404263198575230407e-06
2.981431314775136193e-06
1.559674710599105373e-06
5.917458531522785467e-06
6.156513799543414861e-06
3.197797366653407232e-06
8.605939570337707188e-06
6.464963603479920546e-06
5.695761893215623567e-06
1.001996017188408716e-04
1.313018493456458526e-04
4.909707862841242328e-05
1.038093147686355221e-04
5.273723712409690827e-05
4.616612654830519209e-05
3.260680618783456778e-05
1.189186501384306423e-04
1.029962398860038438e-04
1.376074748978791177e-04
1.994364796897232043e-05
1.027163114847098348e-04
8.580151011242848123e-05
9.380398020981321576e-05
9.965854799703463183e-05
9.996063874581459410e-05
1.433969544037452511e-04
1.355927588003107782e-04
1.277789767064403843e-04
5.237368123500738476e-05
1.266036961497230256e-04
1.242495270672307879e-05
7.202615363303812646e-05
1.450740549330284533e-05
8.638054638029458792e-05
1.567461452957200150e-04
9.896527557474200660e-05
2.828486273243501827e-06
4.417318661743972790e-05
1.012505280751718962e-04
8.522066477495394369e-05
3.384701615119373457e-05
1.247658533030619602e-04
1.564655225235944344e-04
2.723046288752745689e-05
8.592448200759057850e-05
1.089804044463779660e-05
6.483712026733102259e-05
1.192985147837329567e-04
8.198798947782922058e-05
4.852730201879881631e-05
6.647665145298112385e-05
1.178191511496897201e-04
3.803803677992458260e-05
2.473045200724453913e-05
