12 3
4 4 4
2.894454096145167199e+01 2.589477871959566002e+01 2.718852466462154283e+01
3.001078952373143949e+01 2.917598661789821080e+01 2.281474022768946952e+01
2.712446228622242117e+01 2.466155499336175083e+01 2.476919563083012932e+01
2.591812616179377926e+01 2.532209121683755271e+01 2.825185441944622511e+01
6.840346417374095722e+01 6.554414721608274874e+01 6.698501672226316828e+01
6.649223695671075518e+01 7.168172474268057215e+01 6.408250435214768004e+01
6.640008132490207515e+01 6.118036773525680871e+01 5.358268245186066281e+01
6.792307122152516285e+01 6.886587620572275625e+01 6.168093712769735504e+01
4.561503322165485486e+01 5.684339488686484998e+01 1.878980043635514185e+00
6.176354970758770691e+01 6.120957227224214137e+01 6.169339968747569003e+01
9.437480785146242113e+01 6.818202991034834781e+01 3.595079005737859745e+01
4.370319537993414372e+01 6.976311959272648267e+01 6.022547162926983333e+00
2.287013749001421987e-04
1.700485851840055098e-05
1.185703323160112793e-03
5.984586217511774072e-04
1.596645820376155136e-04
7.211534321854980948e-05
6.345951571437869101e-06
1.002010218925636744e-04
3.333333333333334065e-07
9.707994379577278635e-05
3.333333333333334594e-07
3.333333333333334065e-07
