60 3
40 20
5.966211262506396906e+01 5.219175129571023319e+01 5.536076871781845909e+01
6.227387754162555922e+01 6.022903638654148040e+01 4.464722860240865998e+01
5.520384857903152209e+01 4.917098242774342509e+01 4.943464706512885698e+01
5.224894061589475314e+01 5.078895913188413402e+01 5.796538404545767520e+01
5.416837529175425203e+01 5.066644151217935388e+01 5.243113905021835564e+01
5.182760955963249216e+01 5.818340811064832252e+01 4.887630191076875974e+01
5.171474242220496365e+01 4.532192497315394064e+01 3.601669888786715035e+01
5.358001648727528732e+01 5.473471205639373238e+01 4.593499476932110070e+01
6.243195807559668964e+01 4.203411113161038060e+01 5.025062972123992466e+01
4.897475182940186755e+01 5.839537751379173613e+01 5.804800943342429065e+01
5.084868200281556483e+01 5.207128142389100134e+01 4.513739719791398386e+01
3.915073092527190113e+01 4.809440667783960777e+01 5.085635857220928102e+01
5.673857958122958678e+01 5.658570565868872393e+01 4.787852364978979836e+01
4.834421964314030618e+01 4.425683888293826840e+01 4.222224143745121694e+01
4.065437327396040956e+01 6.068483688594507441e+01 4.720852003572896649e+01
4.760056823144231686e+01 4.313815721362848876e+01 5.425849006131855390e+01
4.116031743383476282e+01 4.883477349636839193e+01 4.509532764942643723e+01
5.211915225632611737e+01 4.720220503663998812e+01 4.353341120639561979e+01
4.984563957818157576e+01 5.234607027587892247e+01 5.036432983161848398e+01
5.165670681403474163e+01 4.652567480567031311e+01 4.801318480853118587e+01
4.631678243723087007e+01 4.803064622801946371e+01 4.554621438772794306e+01
4.054476078074220169e+01 5.097180300403501008e+01 4.779935518063190614e+01
4.107103592159063510e+01 5.253476280564586176e+01 4.503052219439756243e+01
5.028451665036079277e+01 5.399339347368759690e+01 5.070646849754509589e+01
5.624075456961193709e+01 4.323658043602482337e+01 5.220371592696592700e+01
4.624914065584826517e+01 4.523044758381892194e+01 4.682950981204226082e+01
4.829355650305984682e+01 5.030763024889228774e+01 4.361821149329402658e+01
5.493402987302941654e+01 5.255053822423262488e+01 4.158564679201074910e+01
5.815149297798399886e+01 6.038421268241832962e+01 5.645644161450407239e+01
4.901451108770162080e+01 4.413524635690884423e+01 5.577546996640461430e+01
4.779170891476725558e+01 5.669560740359445816e+01 5.114076903656590645e+01
5.534927230822240318e+01 5.195189914469265346e+01 5.387006062746621637e+01
5.005751098203064942e+01 5.978161554295118663e+01 5.069512615993959770e+01
5.220178642235805455e+01 6.031444115959288155e+01 4.261801960130297573e+01
4.304126707357446691e+01 5.530960444229395279e+01 4.357453848281703301e+01
6.064565166625053649e+01 4.773451554025591292e+01 4.590602139058126596e+01
6.053238724678003280e+01 5.810911347988690068e+01 6.022904170096530407e+01
5.496261097444488541e+01 4.528287265192699351e+01 6.046185661112387777e+01
4.853208508242504138e+01 5.439523469391979660e+01 5.518831270390838739e+01
4.915097475373174518e+01 5.336345123237116894e+01 5.505113396698745021e+01
1.002268873123011161e+01 9.194826137446735004e+01 7.142412995491113747e+01
9.988470065678664866e+01 1.494483046579937380e+01 8.681260573682142478e+01
1.624929346763748228e+01 6.155595642838441961e+01 1.238199828494415122e+01
8.480082293222343992e+01 8.073189587250107024e+01 5.691007386145933111e+01
4.071832972259996808e+01 6.916699545513804281e+00 6.974287731445636496e+01
4.535426826780688714e+01 7.220555994703478575e+01 8.663823259286292000e+01
9.755215050028857604e+01 8.558033423926110572e+01 1.171408418500197168e+00
3.599780644783638905e+01 7.299905624240579982e+01 1.716296772614405342e+01
5.210366062041293134e+01 5.433798833925362892e+00 1.999965248964000608e+01
1.852179446061397172e+00 7.936977033574206075e+01 2.239246880603801415e+01
3.453516806969027186e+01 9.280812934655908464e+01 7.044144019235328358e+01
3.183892953130784687e+00 1.646941564979127293e+01 6.214784014997635353e+01
5.772285886041675695e+01 2.378928213745086140e+01 9.342139979247937731e+01
6.139659559658959864e+01 5.356328030249583350e+01 5.899099763545709862e+01
7.301220295167696861e+01 3.119449954796018432e+01 3.982210622160918945e+01
2.098437489751221463e+01 1.861930058803361732e+01 9.443723899839335445e+01
7.395507950492876148e+01 4.904588086175670725e+01 2.274146279733232490e+01
2.543564817703929393e+01 5.802916032387561707e+00 4.344166255581207992e+01
3.117958819941025794e+01 6.963434888154594660e+01 3.777518392924809376e+01
1.796036775596348178e+01 2.467872839133122831e+00 6.724963146324858698e+00
2.380771564155752663e-05
2.201530414057236995e-06
1.214813179784872209e-04
6.154590661994740477e-05
1.305934198019915917e-04
5.910976564339943560e-05
5.409282233836029416e-06
8.204162625376634299e-05
5.599905448568972168e-06
2.042587525352922479e-05
1.203405537459200519e-04
2.576021047265882323e-05
4.131601151957414226e-05
3.936527185702713781e-05
6.402864426339280374e-06
5.969300787198602123e-05
3.489321063367837922e-05
7.887443676345009082e-05
1.763107654348903815e-04
1.418210489273175566e-04
1.042939311642993662e-04
4.003838275496139778e-05
3.095650228359394872e-05
1.471865098703036348e-04
4.393640628290610897e-05
8.896367097327876412e-05
9.370998643924060081e-05
3.600112690558309115e-05
5.782216950281382821e-06
6.195931563895462396e-05
8.306622278012641225e-05
8.818216158270338436e-05
3.939931067150648518e-05
1.270198280798669057e-05
2.757772377408420131e-05
2.078811751238329942e-05
2.277216591043403372e-06
1.477149713832399131e-05
8.674805656462396004e-05
1.038331600354967972e-04
5.000000000000000833e-07
5.000000000000000833e-07
5.000000000000000833e-07
5.000000000000218944e-07
5.000000000000026244e-07
5.000000000069886345e-07
5.000000000000000833e-07
5.000000000171152310e-07
5.000000000000000833e-07
5.000000000000000833e-07
5.000000000000002950e-07
5.000000000000000833e-07
5.000000000000000833e-07
5.165189408498355879e-06
5.000139103249726979e-07
5.000000000000000833e-07
5.000000559215833526e-07
5.000000000000000833e-07
5.000708029635659945e-07
5.000000000000000833e-07
