90 3
30 30 30
2.894454096145167199e+01 2.589477871959566002e+01 2.718852466462154283e+01
3.001078952373143949e+01 2.917598661789821080e+01 2.281474022768946952e+01
2.712446228622242117e+01 2.466155499336175083e+01 2.476919563083012932e+01
2.591812616179377926e+01 2.532209121683755271e+01 2.825185441944622511e+01
2.670173208687047861e+01 2.527207360804137082e+01 2.599250836113158414e+01
2.574611847835538114e+01 2.834086237134028963e+01 2.454125217607383647e+01
2.570004066245103758e+01 2.309018386762840436e+01 1.929134122593033140e+01
2.646153561076258143e+01 2.693293810286138168e+01 2.334046856384867752e+01
3.007532563148076576e+01 2.174793948745482197e+01 2.510231915523563373e+01
2.458144418705211010e+01 2.842739851780423166e+01 2.828558609283251002e+01
2.534647297679690325e+01 2.584559710037305535e+01 2.301485071884359357e+01
2.057080444745979619e+01 2.422204478390866456e+01 2.534960692312851549e+01
2.775101359419167579e+01 2.768860307665786280e+01 2.413391090676716999e+01
2.432403049992838717e+01 2.265536429210101943e+01 2.182474336319878461e+01
2.118466386578094784e+01 2.936206639257230222e+01 2.386038307672222558e+01
2.402043608240164119e+01 2.219866441303204141e+01 2.673852128749065216e+01
2.139121470411982529e+01 2.452429827188921152e+01 2.299767589759296627e+01
2.586514028587777858e+01 2.385780498913986847e+01 2.236002617987823982e+01
2.493698262167734825e+01 2.595777917943565427e+01 2.514873703092323254e+01
2.567634772462951531e+01 2.358161267889937562e+01 2.418888609461522421e+01
2.349633272659302463e+01 2.419601468927038823e+01 2.318174963769738284e+01
2.113991475281113352e+01 2.539673691506493824e+01 2.410159051457481993e+01
2.135476567937613623e+01 2.603481258213630767e+01 2.297121918136469532e+01
2.511615343611829942e+01 2.663029605878250905e+01 2.528841455638935898e+01
2.754777738424861511e+01 2.223884552531728787e+01 2.589966325985182749e+01
2.346871808497964551e+01 2.305283837981628636e+01 2.370565280083380344e+01
2.430334735960100900e+01 2.512558952320524952e+01 2.239464575203535901e+01
2.701430926076189110e+01 2.604125286980570664e+01 2.156485468747926859e+01
2.832783307299015263e+01 2.923933707541045024e+01 2.763583125160102938e+01
2.459767583628309495e+01 2.260572435121632395e+01 2.735782574041006754e+01
4.366281334276894910e+01 4.905439162527810737e+01 4.569076995550044273e+01
4.823914523963069456e+01 4.618193362731825857e+01 4.734343808582536894e+01
4.503482462902191941e+01 5.092306235245233381e+01 4.542091979285670789e+01
4.633324788825988350e+01 5.124570428583182746e+01 4.052998888638884267e+01
4.078627795824757385e+01 4.821512515396577925e+01 4.110918983245223757e+01
5.144626220738440026e+01 4.362818103465068731e+01 4.252097284270516298e+01
5.137767719544109468e+01 4.991031205975926355e+01 5.119399234560111722e+01
4.800501017480522847e+01 4.214363754285675867e+01 5.133496877463728225e+01
4.411113337600383488e+01 4.766144677547757169e+01 4.814167935903134321e+01
4.448588968249963926e+01 4.703667086293564381e+01 4.805861350874868521e+01
4.624846224835346220e+01 4.135370008341213577e+01 4.598914412200213775e+01
4.939912434652998030e+01 4.269637901783086420e+01 4.450371837405581488e+01
4.355675894274881443e+01 5.113331392577964607e+01 4.722974945753340137e+01
4.635139802720100022e+01 4.244647726100154728e+01 4.678848723601754500e+01
4.276349158071742806e+01 4.510557001866356330e+01 4.289113713359834179e+01
4.724347543504134705e+01 4.691233539627637583e+01 4.430915118344984194e+01
4.631340568036075922e+01 4.137472510276113269e+01 4.005405809922687155e+01
4.645729740909039407e+01 4.555279344664771912e+01 4.710616100625136937e+01
5.290399703931969100e+01 4.813248408053456018e+01 4.197251117790451502e+01
4.870472391232947729e+01 4.063562886048511302e+01 4.346909705682513447e+01
4.477366820004667858e+01 5.068251494499727983e+01 4.252992769445742027e+01
4.225901345497842243e+01 4.467346991681753821e+01 4.279949146758891487e+01
4.873662862896335923e+01 4.141827238747597306e+01 4.119427702125763346e+01
4.354791518588609733e+01 4.334821322763244922e+01 5.139953384347478504e+01
4.814887258472920450e+01 4.529037461760451322e+01 4.093569017926583342e+01
4.780043517959164490e+01 4.168266098315383061e+01 3.987657388500286970e+01
4.894024906099642180e+01 4.605117972382994651e+01 4.805414320336898015e+01
4.605710003512261608e+01 4.784178564857185023e+01 4.284079237810490071e+01
4.156980455169002653e+01 4.726059327630319018e+01 4.233539159098992855e+01
4.271302211292962880e+01 4.348916960602171855e+01 4.505797181213706892e+01
2.074700754411093939e+01 4.246854687515062210e+01 3.741699803342255848e+01
4.635754243648106865e+01 2.776287062947319129e+01 5.867843464581687840e+01
8.638556059232314510e+01 1.175318559620330916e+01 5.173791071541141662e+01
1.320681063451533177e+01 7.168596811925937118e+01 3.960597028072937320e+01
5.654213118585089859e+01 1.832798362140785997e+01 1.448477593433772270e+01
4.880562806489545835e+01 3.556127378499556357e+01 9.404319452528130796e+01
7.653252538069652644e+01 7.486636198505472350e+01 9.037197397459334525e+01
8.342243544201854988e+00 5.521924699224065591e+01 5.844760689557688949e+01
9.619363785472290829e+01 2.921475267925488595e+01 2.408287799154468090e+01
1.002939422654978152e+01 1.642962959147420410e+00 9.295293167921904853e+01
6.699165465909101158e+01 7.851529120231377590e+01 2.817301057539490827e+01
5.864101661863266912e+01 6.395526612098112906e+00 4.856275959346228888e+01
9.774951397444468171e+01 8.765052453165907309e+01 3.381589518368456027e+01
9.615701545414985674e+01 2.317016264712045270e+01 9.493188224156814670e+01
9.413777047064985481e+01 7.992025873523917312e+01 6.304479368667911388e+01
8.742879666249470461e+01 2.930202845077967311e+01 8.489435553129182210e+01
6.178766919175237859e+01 1.323685775889948957e+00 3.472335179322195842e+01
1.481408609481650274e+01 9.818293898182531620e+01 4.783703070399880630e+01
4.973913654986626653e+01 6.394725163987236272e+01 3.685846061296174980e+01
1.369002716855989377e+01 8.221177331942455169e+01 1.898479119027579642e+01
5.113189825464560556e+01 2.243170289747392587e+01 9.784448449403404524e+00
8.621915174216833577e+01 9.729194890231302395e+01 9.608346580630001199e+01
9.065554992211789909e+01 7.740473326986388258e+01 3.331451520286419310e+01
8.110138998799676813e+00 4.072411714138073080e+01 2.322341421709427323e+01
1.324876347579829705e+01 5.342718178682526187e+00 7.255943642105788172e+01
1.142745862503102838e+00 7.705807485027762027e+01 1.469466454003750577e+01
7.952208258675574903e+00 8.960303423860537464e+00 6.720478073539143793e+01
2.453672098528447520e+01 4.205394666800984282e+01 5.573687913239169234e+01
8.605511738287937362e+01 7.270442627113283152e+01 2.703279052387146209e+01
1.314827992911276056e+01 5.537432042119794673e+00 3.015986344809424935e+01
2.287013749001421987e-04
1.700485851840055098e-05
1.185703323160112793e-03
5.984586217511774072e-04
1.274983322967591188e-03
5.745894124150642546e-04
4.843427923816963956e-05
7.992748418071748484e-04
5.030199767506825627e-05
1.955662415313215452e-04
1.174526162013683891e-03
2.478318391466216076e-04
4.002469395674005965e-04
3.811336723904045019e-04
5.816935679476449437e-05
5.803039958409886680e-04
3.373166000076388907e-04
7.682428491272534632e-04
1.722919999747828416e-03
1.384991172480630819e-03
1.017302012333712704e-03
3.877287853513866774e-04
2.987448931121969211e-04
1.437561738661221993e-03
4.259214599466989493e-04
8.670967519653027767e-04
9.136009561648518115e-04
3.481719181832127678e-04
5.208827828881216045e-05
6.025091863577063805e-04
2.482490228904335548e-04
2.636102862892727300e-04
1.171335102543931726e-04
3.697135406321012230e-05
8.163767710797165209e-05
6.125101217995027232e-05
5.669654432024739278e-06
4.318533666987673124e-05
2.593042017612054765e-04
3.106044195199293440e-04
2.828048209737143016e-04
1.873471468695497594e-04
7.648158841168144152e-05
3.435791854707969761e-04
3.777013119322443924e-04
3.827596844161540533e-04
9.741113804486447268e-05
4.249491235221816189e-04
1.464259924387292686e-05
1.179041369797811435e-04
1.014029737928861196e-04
3.295747475110171278e-04
8.919824093787455963e-05
7.270619790257605911e-05
1.741256685751313643e-04
7.502668600816716571e-05
1.786062419155631201e-04
3.093668044497672087e-04
1.954097856078990591e-04
4.125679400683294096e-04
3.333333334110090806e-07
3.333334806844235906e-07
3.333333333333334065e-07
3.333333333333334065e-07
3.333333333333334065e-07
3.333333333333334065e-07
3.333333333333334065e-07
3.333333333333334065e-07
3.333333333333334065e-07
3.333333333333334065e-07
3.333333333333334065e-07
3.333333333333334065e-07
3.333333333333334065e-07
3.333333333333334065e-07
3.333333333333334065e-07
3.333333333333334065e-07
3.333333333333334065e-07
3.333333333333334065e-07
3.333341743212189097e-07
3.333333333333334065e-07
3.333333333333334065e-07
3.333333333333334065e-07
3.333333333333334065e-07
3.333333333333334065e-07
3.333333333333334065e-07
3.333333333333334065e-07
3.333333333333334065e-07
3.333333445575047393e-07
3.333333333333334065e-07
3.333333333333334065e-07
