90 3
30 30 30
5.488135039273247173e+01 1.193293810286138168e+01 1.965823616800534879e+01
7.151893663724194994e+01 8.340468563848677519e+00 3.687251706609641388e+01
6.027633760716438616e+01 1.507532563148076576e+01 8.209932298479351687e+01
5.448831829968968776e+01 6.747939487454822860e+00 9.710127579306126577e+00
4.236547993389046951e+01 1.010231915523563373e+01 8.379449074988039570e+01
6.458941130666561037e+01 9.581444187052110095e+00 9.609840789396306704e+00
4.375872112626925059e+01 1.342739851780423344e+01 9.764594650133957998e+01
8.917730007820797766e+01 1.328558609283251002e+01 4.686512016477016118e+01
9.636627605010292541e+01 1.034647297679690325e+01 9.767610881903371478e+01
3.834415188257776919e+01 1.084559710037305713e+01 6.048455197450459764e+01
7.917250380826645539e+01 8.014850718843595345e+00 7.392635793983016868e+01
5.288949197529044710e+01 5.570804447459797082e+00 3.918779225432067470e+00
5.680445610939322876e+01 9.222044783908664556e+00 2.828069625764095818e+01
9.255966382926609981e+01 1.034960692312851371e+01 1.201965612131689021e+01
7.103605819788693765e+00 1.275101359419167402e+01 2.961401975221449234e+01
8.712929970154071668e+00 1.268860307665786102e+01 1.187277189542440503e+01
2.021839744032571939e+00 9.133910906767169990e+00 3.179831793939760232e+01
8.326198455479379845e+01 9.324030499928385396e+00 4.142629945146699555e+01
7.781567509498505331e+01 7.655364292101018542e+00 6.414749634878436524e+00
8.700121482468190948e+01 6.824743363198785495e+00 6.924721193700197830e+01
9.786183422327640358e+01 6.184663865780947845e+00 5.666014542065751414e+01
7.991585642167235903e+01 1.436206639257230222e+01 2.653894909394454160e+01
4.614793622529318640e+01 8.860383076722225582e+00 5.232480534666996874e+01
7.805291762864554528e+01 9.020436082401641187e+00 9.394051075844167542e+00
1.182744258689332284e+01 7.198664413032040521e+00 5.759464955561792721e+01
6.399210213275237891e+01 1.173852128749065038e+01 9.292961975762140980e+01
1.433532874090463949e+01 6.391214704119827061e+00 3.185689524513236748e+01
9.446689170495838539e+01 9.524298271889213297e+00 6.674103799636816348e+01
5.218483217500716620e+01 7.997675897592966265e+00 1.317978624043921698e+01
4.146619399905235781e+01 1.086514028587777680e+01 7.163272041185655326e+01
2.894060929472011168e+01 4.238550485581797034e+01 5.066688083101016815e+01
1.831913620071168225e+01 6.063932141279243382e+01 5.296588902938920995e+01
5.865129348100831663e+01 1.919319830933352566e+00 4.844689905065412461e+01
2.010754618749355238e+00 3.015748166745493108e+01 4.966540699604539100e+01
8.289400292173631613e+01 6.601735374926850852e+01 4.902696707769995044e+01
4.695476192547065608e-01 2.900776072104440573e+01 5.413507940520452166e+01
6.778165367962300536e+01 6.180154289988415428e+01 5.150329677759651048e+01
2.700079731921648474e+01 4.287687009457661702e+01 5.091111236407201091e+01
7.351940221225949301e+01 1.354740642224502345e+01 4.827841532057048113e+01
9.621885451174382808e+01 2.982823259560307605e+01 5.120579784854029270e+01
2.487531435199580443e+01 5.699649107012648841e+01 4.849214633132180552e+01
5.761573344178368927e+01 5.908727612481732194e+01 5.007117529206321649e+01
5.920419312718389904e+01 5.743252488495787844e+01 4.857820494551816637e+01
5.722519057908733942e+01 6.532008198571335811e+01 5.151255082974454069e+01
2.230816326406183236e+01 6.521032700016888839e+01 5.128929626115312601e+01
9.527490115169850071e+01 4.314184354339739258e+01 4.953422982289899323e+01
4.471253786176273337e+01 8.965465958510630173e+01 5.088549792905766367e+01
8.464086724711278009e+01 3.675618700478965195e+01 4.755584016289010663e+01
6.994792753175043742e+01 4.358649252656267947e+01 4.666544665074756892e+01
2.974369508551336594e+01 8.919233550156721435e+01 5.098250971277678190e+01
8.137978197024771987e+01 8.061939890460857328e+01 5.037269326570046957e+01
3.965057408469846223e+01 7.038885835403662838e+01 5.141997346074011688e+01
8.811031971111616201e+01 1.002268873123011161e+01 5.532887371681920285e+01
5.812728726358587039e+01 9.194826137446735004e+01 5.211192033626469566e+01
8.817353618548527550e+01 7.142412995491113747e+01 4.795886745253422134e+01
6.925315900777658840e+01 9.988470065678664866e+01 5.249772435215681554e+01
7.252542798196405727e+01 1.494483046579937380e+01 4.705754157800051729e+01
5.013243819267022872e+01 8.681260573682142478e+01 4.896786544626693427e+01
9.560836347232239518e+01 1.624929346763748228e+01 4.984740713160041281e+01
6.439901992296374544e+01 6.155595642838441961e+01 5.383115079436248607e+01
2.274146279733232490e+01 4.768736270052737325e+01 2.817301057539490827e+01
2.543564817703929393e+01 5.152409167596893980e+01 5.864101661863266912e+01
5.802916032387561707e+00 4.820352137712701079e+01 6.395526612098112906e+00
4.344166255581207992e+01 4.845811982308067911e+01 4.856275959346228888e+01
3.117958819941025794e+01 4.898139835617455873e+01 9.774951397444468171e+01
6.963434888154594660e+01 5.003908458776955825e+01 8.765052453165907309e+01
3.777518392924809376e+01 4.920844555081617955e+01 3.381589518368456027e+01
1.796036775596348178e+01 4.692551544216605208e+01 9.615701545414985674e+01
2.467872839133122831e+00 4.856082549969581663e+01 2.317016264712045270e+01
6.724963146324858698e+00 4.502831941023887197e+01 9.493188224156814670e+01
6.793927734985672373e+01 5.139806002616762015e+01 9.413777047064985481e+01
4.536968445560452778e+01 4.641769017818936760e+01 7.992025873523917312e+01
5.365792111087222338e+01 4.753052377981975951e+01 6.304479368667911388e+01
8.966712930403420501e+01 5.011664466327920309e+01 8.742879666249470461e+01
9.903389473967042989e+01 4.834628686642559359e+01 2.930202845077967311e+01
2.168969843984739398e+01 5.345028552560379609e+01 8.489435553129182210e+01
6.630782031001007226e+01 4.710908406467805776e+01 6.178766919175237859e+01
2.633223767371506341e+01 5.059714389731518480e+01 1.323685775889948957e+00
2.065099946572868106e+00 4.991216094809555415e+01 3.472335179322195842e+01
7.583786538361414387e+01 4.738806353497518842e+01 1.481408609481650274e+01
3.200171508224678263e+01 5.117008218398808594e+01 9.818293898182531620e+01
3.834638941718979765e+01 4.961641074209635605e+01 4.783703070399880630e+01
5.883171135536057506e+01 5.172577613690579312e+01 4.973913654986626653e+01
8.310484552361904775e+01 5.184141126801635835e+01 6.394725163987236272e+01
6.289818435911487171e+01 5.483714263396291244e+01 3.685846061296174980e+01
8.726506554473952804e+01 5.298856734876817143e+01 1.369002716855989377e+01
2.735420348156357662e+01 4.917448431430238287e+01 8.221177331942455169e+01
7.980468339125637556e+01 4.946473188654223208e+01 1.898479119027579642e+01
1.856359443059522008e+01 5.245891360851353369e+01 5.113189825464560556e+01
9.527916569719445761e+01 5.146521424508584630e+01 2.243170289747392587e+01
4.092988701038019939e-06
4.515410005271579704e-06
4.524886411182636839e-07
2.065372608676504789e-06
5.940857522102796784e-06
5.843801407625629949e-06
1.837111218433912521e-06
4.246478610605036520e-06
5.876116329625484488e-06
5.536790691474442935e-06
4.010109874431387924e-06
8.362088166831854760e-07
5.597829739310795439e-06
5.874834608141907060e-06
2.790142942398683056e-06
2.886491519469673058e-06
5.517304226064003049e-06
5.685270916265164902e-06
3.432087743623487653e-06
2.169886662538066534e-06
1.457558497011181825e-06
8.870429169809224630e-07
8.686784407409494128e-06
5.402954108032844288e-06
2.731856904792028320e-06
4.395823041047895853e-06
1.616991423660447738e-06
5.814013909136658706e-06
3.982740805112867672e-06
5.518210574640648694e-06
5.706431032462228450e-06
2.467683551319813643e-06
4.681150547180508265e-06
5.880872645918058007e-06
5.409848566805060406e-06
1.075743703037307522e-06
4.744145864318372116e-06
5.510550139925344415e-06
6.111258194423698597e-06
5.142326290306510047e-06
4.782138807801746522e-06
5.945609968682070776e-06
4.882322045431138989e-06
4.730918675157863196e-06
5.036301196654071282e-06
5.873357793263769507e-06
5.498579299349744713e-06
3.272351111225658475e-06
2.053401320489443405e-06
5.399832174700931183e-06
5.865046326427790899e-06
4.861115532343398956e-06
6.294344284915677499e-06
3.807145353368768948e-06
3.920731330348241017e-06
3.186865124320725263e-06
3.017707363914465721e-06
5.346115562954081671e-06
6.052984905508954239e-06
1.370445201210891512e-06
3.483617551015339997e-06
4.717768543552477969e-06
4.306678096437137554e-06
9.525918370593449143e-06
5.360972938664906343e-06
5.946171977588072335e-06
5.585894402011188438e-06
2.310941178796434432e-06
4.834501801935548857e-06
5.021480006336440440e-07
4.891227156345717879e-06
1.648071871616594958e-06
3.231896777892542317e-06
5.938994305198872540e-06
4.524122768678973164e-06
1.808419730910532377e-06
2.578384509849647932e-06
5.738755210253014624e-06
5.942493569121332526e-06
3.006207141082181336e-06
5.186147746334220114e-06
9.585177777185881700e-06
1.032202287218248264e-05
4.236853383091089950e-06
5.729859112772876582e-07
2.434513466340872402e-06
5.555302033968382333e-06
5.779107231693027898e-06
8.480698801793426942e-06
4.798076601067744841e-06
