180 3
30 30 30 30 60
2.649474675240354671e+01 1.056590775115428471e+01 1.138414453113203884e+01
2.716910155414033667e+01 1.264112583818832292e+01 8.617920368071555259e+00
2.534362792551828036e+01 9.785948583262465306e+00 9.854026499900971459e+00
2.458067397013132194e+01 1.020370837190836788e+01 1.205665331694692277e+01
2.507626987238044691e+01 1.017207445852612757e+01 1.062771740358734718e+01
2.447188675918840772e+01 1.211294688851731038e+01 9.709862400949488048e+00
2.444274458961567831e+01 8.792126221914426054e+00 6.389527177847055484e+00
2.492435628229101141e+01 1.122249739623335962e+01 8.950420162622304332e+00
2.720991777250231891e+01 7.943216338332531379e+00 1.006471231576178837e+01
2.373528206063625490e+01 1.216767715306930775e+01 1.207798710038483136e+01
2.421912875087537742e+01 1.053480256400257531e+01 8.744481355219956953e+00
2.119873077033699360e+01 9.507977919908581654e+00 1.022111083256990050e+01
2.573989376634636983e+01 1.170042188927502558e+01 9.452237161750867145e+00
2.357247935019367091e+01 8.517122175935595507e+00 7.991791374428427019e+00
2.158696955534518125e+01 1.275881302108053106e+01 9.279242972473774387e+00
2.338046938133433983e+01 8.228279810939309158e+00 1.109953740583177151e+01
2.171760377569879807e+01 9.699139810458353494e+00 8.733619044508307283e+00
2.454716275978859485e+01 9.277612446720244321e+00 8.330333953039914974e+00
2.396014431046558002e+01 1.060575274050075301e+01 1.009406955802566408e+01
2.442775986002032695e+01 9.102933092203484122e+00 9.487006523429959870e+00
2.304899731459576628e+01 9.491515042555242587e+00 8.850037499739475066e+00
2.155866773129382352e+01 1.025091845669479618e+01 9.431795950911316950e+00
2.169455138836242014e+01 1.065447294219016072e+01 8.716886347970293158e+00
2.407346188323773717e+01 1.103108976122969764e+01 1.018240938170748855e+01
2.561135590105832449e+01 8.253692577687381515e+00 1.056899700566073896e+01
2.303153228174225475e+01 8.768506861551156106e+00 9.181382953515043965e+00
2.355939818367378891e+01 1.007942978871663264e+01 8.352229292967324525e+00
2.527396103519552284e+01 1.065854613775456095e+01 7.827423343756711560e+00
2.610470643669724922e+01 1.268119218549880323e+01 1.166704605658231841e+01
2.374554785698641979e+01 8.485727120713244531e+00 1.149121993309374545e+01
3.172504254749182451e+01 7.386571073685331612e+01 4.065862331034451671e+01
3.608840380712081242e+01 7.112692949661929731e+01 4.223438054504779160e+01
3.303320398095675614e+01 7.564741836683229792e+01 4.040133127556187276e+01
3.427120198364648473e+01 7.595504538003150685e+01 3.573801162965973077e+01
2.898237367170950662e+01 7.306550155404885061e+01 3.629025806338682969e+01
3.914626985520873603e+01 6.869202193732184014e+01 3.763634034779552451e+01
3.908087661213783548e+01 7.468179885050193434e+01 4.590573997960422759e+01
3.586516478197914637e+01 6.727656525578829871e+01 4.604015573065564126e+01
3.215249892719062785e+01 7.253758993368617780e+01 4.299547373624146474e+01
3.250981504551823065e+01 7.194188947441567450e+01 4.291627355555306877e+01
3.419036204789045996e+01 6.652338944036414148e+01 4.094311191570121622e+01
3.719440048985580205e+01 6.780358357370053568e+01 3.952681403593224019e+01
3.162392364464773920e+01 7.584788537632991279e+01 4.212598269114875649e+01
3.428850746211644918e+01 6.756531159757703620e+01 4.170525567088597541e+01
3.086757289168127372e+01 7.010065706334167146e+01 3.798927815103679251e+01
3.513906989720340590e+01 7.182334025843967140e+01 3.934130149859483083e+01
3.425228318072664280e+01 6.654343600975157358e+01 3.528422942903058868e+01
3.438947856097222200e+01 7.052706787095873153e+01 4.200814572638853406e+01
4.053616548249924278e+01 7.298670638219707030e+01 3.711340266877274985e+01
3.653231565388972513e+01 6.583873539288939014e+01 3.854034131591679824e+01
3.278420109598788912e+01 7.541806541288387677e+01 3.764487846393354431e+01
3.038657187169639684e+01 6.968866578142227297e+01 3.790189743703030700e+01
3.656273560762060981e+01 6.658495671659039772e+01 3.637138551473685766e+01
3.161549145333075472e+01 6.842508310713681396e+01 4.610171610836426481e+01
3.600233220784036803e+01 7.027686133475239671e+01 3.612483263482651097e+01
3.567011017734789391e+01 6.683704135159241844e+01 3.511500487058635400e+01
3.675688007197016560e+01 7.100226054124536290e+01 4.291201128661101194e+01
3.400790533657961845e+01 7.270953630256828149e+01 3.794127631010908175e+01
2.972943696623592658e+01 7.215539111845521347e+01 3.745939556701968343e+01
3.081945214224646890e+01 6.855947974064653749e+01 4.005527395410346969e+01
8.964600608874651755e+01 1.862504870658198186e+01 7.935638159716711471e+01
8.777659684777557914e+01 2.062523145102718658e+01 7.839794234439325749e+01
8.889561666057154810e+01 2.005216507926097336e+01 7.926043700360868627e+01
9.154301459540673136e+01 1.870714309027655275e+01 8.026705086934917688e+01
8.996071718177250887e+01 1.883190650225880347e+01 8.052327666053174937e+01
8.982845366877775461e+01 2.077179055121366602e+01 8.082350415396372512e+01
9.216323594928068985e+01 2.133652794943639108e+01 7.963081816205755104e+01
8.976062082242407314e+01 2.109965959588711470e+01 8.065526373072259503e+01
9.064013152609759061e+01 1.838304395568916405e+01 7.997567387560106056e+01
8.926196909079430952e+01 2.027992459904323752e+01 7.990184961035704703e+01
9.091017890809258972e+01 2.031721821519130344e+01 8.078632796210897027e+01
8.953358090326405261e+01 1.905555374408174885e+01 7.958995030679744787e+01
8.998297958613855485e+01 2.037915173555508019e+01 8.225930895069085125e+01
8.995774284833935042e+01 1.904405499950722458e+01 7.965401822430061429e+01
8.953640402535390308e+01 2.048148147377346362e+01 7.845920298555537897e+01
9.006326199420033163e+01 2.015650653796537384e+01 8.023218103620027364e+01
8.940268393103463040e+01 1.976207827026399144e+01 7.857593909101747442e+01
8.950668011663780987e+01 1.945713852398328214e+01 8.041605004626143227e+01
8.884381756817808196e+01 2.078119810170999315e+01 8.149448454449137103e+01
8.793001497498646302e+01 2.042625873077810184e+01 8.067690803503025165e+01
8.936256297444776919e+01 1.960272818567120368e+01 7.986711942241304030e+01
8.970220912059826901e+01 1.969098703095287917e+01 7.832399619367002686e+01
9.115233156478312537e+01 2.107961859203681954e+01 7.918663574079579348e+01
8.853357567219748603e+01 2.052106487645275834e+01 7.942421203018693632e+01
9.014195316332077823e+01 1.968067158285490592e+01 8.069153875107018337e+01
9.069474914365601137e+01 1.927440262153641726e+01 7.861663604460494525e+01
8.841706160266491565e+01 2.061037937910720430e+01 7.881114074221596866e+01
8.949318364570130768e+01 1.940368596154949188e+01 7.994743270373045618e+01
8.806372019415348973e+01 2.018877859679382780e+01 8.052389102383421005e+01
9.008842208704466259e+01 1.968911382830152945e+01 8.009740016626878401e+01
6.089229475502420996e+01 7.380029412270648947e+01 2.737355287927707437e+01
6.087227518709896401e+01 7.854117006067835405e+01 2.212580167704754430e+01
6.110404017748435024e+01 7.974038369986367059e+01 1.845925148918759717e+01
6.461634637706248441e+01 7.975282357615068918e+01 2.528117553218682545e+01
5.845252949653571761e+01 8.343544353236448785e+01 2.364028395329118837e+01
6.136141620156873699e+01 7.766274241958493008e+01 2.570820319835919321e+01
6.154248030801392133e+01 8.291101666555913141e+01 2.159555352081947532e+01
5.892439066410083370e+01 8.515171435051811955e+01 2.062973256316925585e+01
5.969600722776252866e+01 8.254216636981199429e+01 2.321851967090939084e+01
6.130352405566200957e+01 7.910680481702191003e+01 2.382747012070108994e+01
5.707851714509104113e+01 8.370769291520419131e+01 2.273577716259616466e+01
5.847907529904932034e+01 8.149007787047918328e+01 2.196979923681994507e+01
5.701650735838848050e+01 7.698864811054770030e+01 2.455132393037947836e+01
5.964318294490158934e+01 7.970103422388362446e+01 2.540990841249226762e+01
5.748034089281874515e+01 7.836615487494745480e+01 2.213938258350351873e+01
6.021097656749812188e+01 7.990570176820443749e+01 2.235850073594210485e+01
5.986219917570539906e+01 7.976005810786853090e+01 2.139091567029101881e+01
5.818209241236237261e+01 8.061383723680637559e+01 2.100785331224213337e+01
5.741207496633236218e+01 7.930169329763651831e+01 2.264744583404814904e+01
6.504618714637986443e+01 7.842424227942261439e+01 2.510919510153752299e+01
6.167076390727638824e+01 7.734143825865899657e+01 2.472904622127632024e+01
5.735276241128177332e+01 7.405391011195904127e+01 2.435577167255291542e+01
5.607370929438149432e+01 8.100832010999531008e+01 2.147050513530892601e+01
6.371086839239445254e+01 8.238925965146806618e+01 2.198619852255491125e+01
5.846194834425880771e+01 7.728524039673513357e+01 2.201406702137562021e+01
5.937310605490182525e+01 7.918452044378484800e+01 2.335040047272529407e+01
6.129361339536676212e+01 8.078185113447251808e+01 2.129132224155176800e+01
5.678500052711006418e+01 8.305118596982053703e+01 2.145834475631454197e+01
5.854142716925724699e+01 7.883458526854835213e+01 1.887877119858977437e+01
5.893121763548771241e+01 7.892745699407522864e+01 2.438716332550218979e+01
5.023894574892614173e+01 9.425835996979303388e+01 6.339976977446607265e+01
8.672894054624647708e+01 9.402096893547673062e+01 7.507648618863520085e+01
6.995750602247512973e+01 9.679655666042270923e+01 9.944007896476793462e+01
4.518216826697596389e+01 7.086977818420836073e+00 2.927940314405188360e+01
1.523547056877304584e+01 4.174863747960117877e+01 1.312893284732560240e+01
6.041178040208819766e+01 3.828080591578540748e+01 8.953858842882100078e+01
9.677946717985018665e+01 5.468849016694221632e+01 2.748235698675965821e+01
5.922304187618367877e+01 8.967611582244097690e+01 4.067333458357482812e+01
5.520782766919708706e+01 2.716527676061458862e+01 4.554441494500269982e+01
4.017135353795986674e+01 2.484134650829710012e+01 5.058663838253083611e+01
3.103808259798114122e+01 3.730348638807474515e+01 5.249704422542642845e+01
7.505950229289875608e+01 3.335074657912753082e+01 9.241587666207635721e+01
8.623185468359024242e+01 4.869029597552854582e+00 2.536425242568227745e+01
4.461355126592019360e+01 1.046278887424740844e+01 3.484759890334970578e+01
7.400975256176825212e+01 6.805144811428259288e+01 6.223844285660048570e+01
7.105284027223456178e+01 2.049236869597017474e+01 3.416981148647321476e+01
6.762424822774629263e+01 8.792347630313270201e+01 5.436780538280952157e+01
2.826996509455366180e+01 3.023525800598259039e+00 7.103368289742132902e+01
7.884103508440376551e-01 3.726790698209955366e+01 5.305372145627818270e+01
9.221114617671931057e+01 8.949454503290009910e+00 4.059423219682837214e+01
2.431319971015777348e+00 3.426109843415903100e+01 6.222310588397949260e+01
2.790679482285983681e+01 2.097499496556351062e+01 1.157032333270936419e+01
5.771402440203418394e+01 6.952700059046860304e+01 6.719571405958222954e+01
9.488610207205073266e+01 2.703213893502698362e-01 6.471966538940360181e+01
6.003922370976395939e+01 5.887396099702881713e+01 9.627703198402424789e+01
1.687167337003969703e+00 6.964824307014501414e+01 8.136786497018634634e+01
5.098071966215841400e+01 3.339648695968091374e+01 7.908401632274049575e+01
9.724292563242464382e+00 4.420356377299252415e+01 5.199523745708381739e+01
6.939564109345475629e+01 9.088573203240946086e+00 2.277595015378609489e+01
4.103015626901256496e+01 6.232946730201306451e+01 8.869607812174174910e+01
6.188261682413764930e+01 1.334614709349344253e+01 9.805801327872823947e+01
8.717857347554928538e+01 5.027207611453240332e+01 9.223479817966330074e+01
5.413807937571357343e+01 9.233060678891631312e+01 8.298973686033431818e+01
9.682864102942973261e+01 9.197828107781583640e+01 3.603381742856948122e+00
1.747720041609399644e+01 3.891346771011857442e+01 9.521426972954208168e+01
3.000289194759295697e+01 1.604676438876010280e+01 8.863046660865599335e+01
4.463944154832029199e+01 9.078755943543261253e+01 1.602304663201432788e+01
6.611175115080995113e+01 4.402637528294918212e+01 7.648676903028539087e+00
6.964631446525005742e+01 2.473987555391536830e+01 3.961552257951772571e+00
5.994429824957325792e+00 6.107853706678733730e+00 9.077329574850394067e+01
7.398839178291009944e+01 8.980623572137351118e+01 6.725823112965213113e+01
5.289399290308831780e+01 3.044463643473782710e+01 9.979622513286734886e+01
3.621890589393893833e+01 4.706489492139095177e+01 3.782451749234617466e+01
9.795269293354586182e+01 1.746583853950057730e+01 3.279880009080796555e+01
6.803486660150015553e+01 6.320761833863064894e+00 6.072493740115410077e+01
4.776465028764160792e+01 2.839999767621010918e+01 2.384132809240579931e+01
5.145127432987567317e+01 3.679275805370413366e+01 4.565198912626553351e+01
3.374773817642399365e+01 9.704936935959776179e+01 1.334394317456040113e+01
9.680395317837419356e+00 3.433917287909160621e+01 5.910269008704912608e+01
6.591764718500282072e+01 3.972567471680420681e+01 9.992779939221711061e+01
3.518929961930425776e+01 7.214066679599524434e+01 6.375826945307928639e+01
8.130538632474606686e+01 9.762256634538199762e+01 8.897936564455402220e+01
7.645619743577086069e+01 6.982484778182906382e+01 3.354981696758996179e+01
1.476855782067073619e+01 6.263600305980975946e+00 2.419017042014848329e+01
4.322814811812985880e+01 5.219962736299824968e+01 7.730835540548716267e+01
9.587409230565930329e+01 1.173204803848110167e+01 1.070041401937915637e+01
5.896947230135507567e+01 7.453980739472929429e+01 8.481503803469848890e+01
9.358320802167885688e+01 9.834262422606420273e+01 3.998016922245258797e+01
3.803351835275731219e+01 1.478086766972723787e+01 6.849344386835593923e+01
6.567619584408370770e+01 8.620625958512071918e+01 9.725799478764063366e+00
5.418223671073410172e-04
3.973999374025434408e-05
2.811551778397434424e-03
1.418778678159136148e-03
3.023297890065700707e-03
1.362167877572032469e-03
1.142814100008734203e-04
1.895056163021038506e-03
1.187110932172407525e-04
4.632354980931514604e-04
2.785042813149343592e-03
5.871942468938101678e-04
9.486783972435250747e-04
9.033473038885400739e-04
1.373701737087937086e-04
1.375721202200758195e-03
7.994259920410396857e-04
1.821457330119368974e-03
4.085672999679859120e-03
3.284204413784388901e-03
2.412153001020386246e-03
9.189889876756423669e-04
7.079451567685269512e-04
3.408886459045851105e-03
1.009570868916769048e-03
2.055909946543284152e-03
2.166204351076389013e-03
8.251716396615153565e-04
1.229476296769659374e-04
1.428385435633856360e-03
1.718106714130755784e-04
1.824439505344477709e-04
8.105069895494640257e-05
2.556134501181788683e-05
5.647999199603533636e-05
4.236806038565085747e-05
3.893875318089808085e-06
2.986274977238102856e-05
1.794632192288034723e-04
2.149739399457511189e-04
1.957306730913908627e-04
1.296535499621052890e-04
5.291087604126664854e-05
2.377995293008538429e-04
2.614193374806105538e-04
2.649208129207971697e-04
6.739859995797577706e-05
2.941249265630638417e-04
1.010507190054373857e-05
8.158413743957385164e-05
7.016180390893432973e-05
2.281054635265814153e-04
6.171351891572730624e-05
5.029749848024359012e-05
1.205014597041955039e-04
5.190377246200716802e-05
1.236029745806468971e-04
2.141172456658493677e-04
1.352346200820366614e-04
2.855545000233005262e-04
3.767950234149027803e-03
2.445849650568649889e-04
5.242881877924045544e-03
1.615720455449301931e-03
5.593669494610657884e-03
6.618759987809856582e-03
4.680562381282018960e-04
5.438897922799918773e-03
2.798601263531037223e-03
9.255175653540064981e-03
5.858265411603748134e-03
6.703960512240922549e-03
9.207724566730638794e-04
7.567541500716179134e-03
3.099267402805719936e-03
1.218634391938826222e-02
3.746731253445773156e-03
8.899044187264310013e-03
1.570466884730574138e-03
1.082547472881956793e-03
9.493608493356644334e-03
2.843380090995018764e-03
2.622361265257577324e-03
3.205422198008781552e-03
9.406015569042230212e-03
2.945085350923666058e-03
1.485594095803752322e-03
9.336345520547647756e-03
1.668595593090912684e-03
1.199560946629875738e-02
3.516962349071643383e-06
7.884166803248776048e-04
1.272562548222482795e-04
7.984258925410652667e-05
2.637940158831287717e-04
2.626448628792365158e-04
3.151855715581835388e-04
4.079211296433559055e-05
5.870815125337068129e-04
8.264787921540053253e-04
1.216999588364867048e-04
6.493179331765342593e-04
1.482415132110950057e-04
6.220285595384051399e-04
4.282417564411559107e-04
1.084410899522568689e-03
8.702309810143481466e-04
5.287180297426699854e-04
5.470485609364958857e-04
4.470173016840062739e-05
3.144534535088524532e-04
1.386589500887332928e-05
1.740022064740665280e-04
1.463173758530794558e-04
3.894966048866731114e-04
1.009509624116040763e-03
6.751708655066264398e-04
1.257663551217892901e-04
1.468552910217962230e-04
7.452218478167707940e-04
2.000000000000000439e-07
2.000000000000000439e-07
2.000000000000000439e-07
2.000000000000000439e-07
2.000000000000000439e-07
2.000000000000000439e-07
2.000000000000000439e-07
2.000000000000025320e-07
2.000000000000000439e-07
2.000000000000000439e-07
2.000000000000000439e-07
2.000000000000000439e-07
2.000000000000000439e-07
2.000000000000000439e-07
2.000000000000000439e-07
2.000000000000000439e-07
2.000000000000000439e-07
2.000000000000000439e-07
2.000000000000000439e-07
2.000000000000000439e-07
2.000000000000000439e-07
2.000000000044624517e-07
2.000000000000000439e-07
2.000000000000000439e-07
2.000000000000000439e-07
2.000000000000000439e-07
2.000000000000000439e-07
2.000000000000000439e-07
2.000000000000000439e-07
2.000000000000000439e-07
2.000000000000000439e-07
2.000000000000000439e-07
2.000000000000000439e-07
2.000000000000000439e-07
2.000000000000000439e-07
2.000000000000000439e-07
2.000000000000043849e-07
2.000000000000000439e-07
2.000000000000000439e-07
2.000000000000000439e-07
2.000000000000000439e-07
2.000000000000000439e-07
2.000000007139010376e-07
2.000000000000000439e-07
2.000000000000000439e-07
2.000000000000000439e-07
2.000000000000000439e-07
2.000000000000000439e-07
2.000000000000000439e-07
2.000000000000000439e-07
2.000000001390534194e-07
2.000000000000000439e-07
2.000000000000000439e-07
2.000000000000000439e-07
2.000000000000000439e-07
2.000000000000000439e-07
2.000000000000000439e-07
2.000000000000000439e-07
2.000000000000000439e-07
2.000000214181852095e-07
