0.000038040250547 28
0.000029802583853 25
0.000047719897396 31
0.000044759341224 29
0.000047933409013 31
0.000050630594694 32
0.000044055641402 29
0.000051637179207 32
0.000028785462525 23
0.000045409207116 32
0.000052428232389 32
0.000025271364306 24
0.000045752817418 31
0.000048105876213 31
0.000020915892315 20
0.000042615514627 31
0.000034072980132 29
0.000050812754097 32
0.000051413890315 31
0.000048371491641 31
0.000049218913243 34
0.000031407426408 28
0.000032854844693 28
0.000051196564619 31
0.000042938613345 30
0.000048277017988 33
0.000050597804135 33
0.000049666124934 32
0.000036829499603 28
0.000043712451055 30
0.000002140018990 15
0.000003732286959 19
0.000003320475566 15
0.000006264776719 22
0.000000376198665 7
0.000000685163750 8
0.000000697189890 8
0.000004460849702 20
0.000002051125674 13
0.000002142817919 14
0.000006394222592 20
0.000001882670820 13
0.000002113416665 15
0.000006404901828 20
0.000001727006624 14
0.000006575262883 22
0.000006743846991 23
0.000006499187518 21
0.000000158441169 5
0.000002884734011 16
0.000003957868534 17
0.000001004298509 11
0.000002432574222 15
0.000001870633472 13
0.000003512488601 18
0.000004610221065 20
0.000002335756943 15
0.000006476426363 21
0.000000556313358 9
0.000001519510141 13
0.000000025479175 3
0.000002050599697 11
0.000000089944432 2
0.000000088496917 1
0.000000038399947 3
0.000000057803986 1
0.000000051810265 1
0.000000081491296 2
0.000000096973310 4
0.000000160885784 4
0.000000413728357 8
0.000000079253804 3
0.000000133367108 4
0.000000083750679 2
0.000000019347916 1
0.000000084146342 2
0.000000077393344 4
0.000000067015349 1
0.000000771298800 11
0.000000139873378 3
0.000000006142328 2
0.000000054706434 2
0.000000159235553 5
0.000000025002539 3
0.000000156775342 3
0.000000145616169 3
0.000000163694317 4
0.000000090029261 4
0.000000112952230 4
-0.000000355346533 2
