0.000639269980817 1
0.001112107888435 2
0.005404343627720 7
0.001376918916308 3
0.004019496805209 5
0.004931272778743 10
0.000987039050817 2
0.005780923156879 5
0.000384115799496 1
0.001305340966850 3
0.004036588504848 4
0.001063046619550 2
0.000299729866311 1
0.004194594213962 4
0.000532365516249 1
0.001483842510532 2
0.000839292511994 2
0.001360216658284 2
0.004142553794769 6
0.004325185788653 5
0.006062906826685 6
0.001580028327156 3
0.001853097352771 4
0.003037313543856 7
0.003383538988522 4
0.005414505172072 4
0.000588022241559 5
0.002632602270456 3
0.000774216624653 3
0.001394155217012 2
0.004366970658271 6
0.001911402680426 3
0.002760366353235 5
0.000350390377846 2
0.000613991674495 4
0.000643148185107 2
0.000873154367454 2
0.000488601762734 1
0.002101228920754 4
-0.008276375445620 4
0.003767410186490 4
0.003166774966400 6
0.000860422242948 2
0.002349668049575 3
0.003547398781172 5
0.004775699140229 6
0.002643896015829 4
0.003508242578273 5
0.001826584184762 3
0.004679016465844 6
0.003644012265433 7
0.005745203786763 5
0.004836700081018 8
0.000522340473898 1
0.001162934156379 2
0.002141547305102 4
0.001862232436520 2
0.003490644359135 7
-0.001208230998036 4
0.002751439630550 4
0.000436882750231 1
0.000905725152310 1
0.000405038088926 1
0.000438494137669 1
0.000480911161307 1
0.000299703904754 1
0.000242540322695 1
0.000360419353082 1
0.000406400776221 1
0.000545763651570 1
0.000051032952072 1
0.000226317402934 1
0.000059094628343 1
0.000464552061148 1
0.000079784699481 1
0.000311421360304 1
0.000499812569963 1
0.000302107896197 1
0.000167954885994 1
0.000545182532402 1
0.000578364083173 1
0.000265977091206 1
0.000059094628343 1
0.000333550513360 1
0.000545763651570 1
0.000438494137669 1
0.000494215075040 1
0.000476882361687 1
0.000058546450883 1
0.000268727714991 1
