0.003126601613565 1
0.003126601613565 1
0.003126601613565 1
0.005134839344509 2
0.004986248225734 2
0.003126601613565 1
0.003126601613565 1
0.005233221057822 2
0.003126601613565 1
0.003126601613565 1
0.003126601613565 1
0.003126601613565 1
0.003126601613565 1
0.003126601613565 1
0.003126601613565 1
0.003126601613565 1
0.003126601613565 1
0.004934348023082 2
0.005543876322490 2
0.004934348023082 2
0.009364480077720 4
0.005142413662134 2
0.005142413662134 2
0.005543876322490 2
0.004977291060039 2
0.003126601613565 1
0.003126601613565 1
0.005116480333322 2
0.003126601613565 1
0.003126601613565 1
0.003126601613565 1
0.007265613122905 3
0.004866726966689 2
0.003126601613565 1
0.003126601613565 1
0.003126601613565 1
0.003126601613565 1
0.003126601613565 1
0.005801714813823 2
0.005801714813823 2
0.005429240004963 2
0.003126601613565 1
0.003126601613565 1
0.005429240004963 2
0.007816157376694 3
0.005233221057822 2
0.003126601613565 1
0.005134839344509 2
0.003126601613565 1
0.006965328413441 3
0.004866726966689 2
0.007984625361058 3
0.005114638966967 2
0.003126601613565 1
0.005116480333322 2
0.003126601613565 1
0.005405966510737 2
0.003126601613565 1
0.003126601613565 1
0.005056106879341 2
0.003126601613565 1
0.003126601613565 1
0.003126601613565 1
0.003126601613565 1
0.003126601613565 1
0.003126601613565 1
0.003126601613565 1
0.003126601613565 1
0.003126601613565 1
0.003126601613565 1
0.003126601613565 1
0.003126601613565 1
0.003126601613565 1
0.003126601613565 1
0.003126601613565 1
0.003126601613565 1
0.003126601613565 1
0.003126601613565 1
0.003126601613565 1
0.003126601613565 1
0.003126601613565 1
0.003126601613565 1
0.003126601613565 1
0.003126601613565 1
0.003126601613565 1
0.003126601613565 1
0.003126601613565 1
0.003126601613565 1
0.003126601613565 1
0.003126601613565 1
