0.000014094735391 40
0.000013892628553 39
0.000015025354320 39
0.000014976606964 38
0.000015121250869 39
0.000014897476734 38
0.000014814577385 36
0.000015249270319 38
0.000011062735007 33
0.000014685982891 38
0.000015317475355 37
0.000014390862660 37
0.000015023829785 40
0.000015001797878 36
0.000011618781768 33
0.000014885584004 37
0.000014418753600 37
0.000015188044168 37
0.000015345989710 37
0.000015156635776 37
0.000015191725616 37
0.000014285132603 37
0.000013620735174 36
0.000015269529794 37
0.000013216910150 37
0.000015144900038 37
0.000015223336476 37
0.000015215483877 38
0.000013908695338 39
0.000014850814390 37
0.000003284561527 26
0.000003707286536 32
0.000005304008806 35
0.000005731100446 37
0.000003349045723 26
0.000002172337251 26
0.000002016556198 27
0.000003427142807 31
0.000003754573641 29
0.000004935333940 33
0.000005649113326 37
0.000003310667711 31
0.000003238787198 27
0.000005409164549 36
0.000003152760109 26
0.000003868779393 33
0.000005713488610 39
0.000005176856755 35
0.000001756884614 24
0.000003612137306 32
0.000004216405930 33
0.000003289378477 27
0.000003598334901 33
0.000003134545996 26
0.000003691144970 32
0.000004854110576 35
0.000003400551904 32
0.000005903674769 37
0.000003035370131 25
0.000003205754165 26
0.000007009514449 37
0.000006839310086 38
0.000007013763434 38
0.000006952573060 37
0.000007018828842 37
0.000007003343494 37
0.000007108999154 37
0.000006986921774 37
0.000006973977936 37
0.000007023950838 37
0.000007020968689 37
0.000007031881879 37
0.000006949023399 37
0.000007034053162 37
0.000007023803239 38
0.000007045062895 37
0.000007026213322 38
0.000007042422184 37
0.000006967020519 37
0.000006980467015 38
0.000007040399852 37
0.000007035542405 38
0.000007099943832 37
0.000006972766076 38
0.000007033516977 37
0.000007054207057 37
0.000006932749985 38
0.000007042136352 37
0.000007001516491 38
0.000007048327509 37
0.000008715706439 37
0.000010598516903 38
0.000009528804348 36
0.000007918217945 37
0.000009930790871 36
0.000010229649599 41
0.000009115015313 38
0.000008356954808 32
0.000010194667979 38
0.000010448120142 41
0.000010170812129 36
0.000010948171452 37
0.000010533059268 36
0.000010783894926 40
0.000011048631120 36
0.000010953819299 40
0.000010976233386 39
0.000011063855970 37
0.000011128597990 36
0.000008052965876 37
0.000010306440606 41
0.000008903552269 33
0.000010853456635 36
0.000008068419213 36
0.000010646074314 35
0.000011095778181 37
0.000010185937802 40
0.000010469101847 36
0.000010635569503 36
0.000011028332393 37
0.000000183327974 12
0.000000134488394 11
0.000000100866888 8
0.000000878464090 14
0.000000270894144 5
0.000000148669681 15
0.000000065847704 7
0.000000016228712 14
0.000000164591408 13
0.000000174812340 13
0.000000539378148 17
0.000000307756432 15
0.000000107426505 10
0.000000897358581 16
0.000000136195080 13
0.000000109789322 11
0.000000138674426 13
0.000000109753653 8
0.000000176020539 7
0.000000140199310 12
0.000000193965895 9
0.000003306253182 19
0.000000212574409 16
0.000000015698924 4
0.000000173035499 16
0.000000007762433 2
0.000000158000419 14
0.000000179571287 10
0.000000101044403 9
0.000000348950346 18
0.000001145171363 12
0.000000184831996 13
0.000000124746592 11
0.000000022730053 4
0.000000176031258 12
0.000000200267701 14
0.000000953035910 9
0.000000044640391 5
0.000000231270875 6
0.000000144044245 11
0.000000172965252 14
0.000000133938909 9
0.000000615749085 17
0.000000109801001 8
0.000000495691376 15
0.000000134981677 10
0.000000158761008 12
0.000000299522657 10
0.000000202749958 10
0.000000137813740 13
0.000001789202728 26
0.000000156880863 12
-0.000001593260676 11
0.000000287822397 6
0.000000532884955 21
0.000000062301206 5
0.000000181482568 17
0.000000045763937 7
0.000000239804551 17
0.000000343897283 7
