0.000969669115212 1
0.001912860053676 1
0.007685086727060 4
0.002558179712703 1
0.007107448742219 2
0.001704152912801 2
0.002190581654402 2
0.005847198860774 3
0.001386705411224 1
0.003796766129297 4
0.002879283579670 2
0.000835788329451 2
0.001908742946360 1
0.001102320749255 1
0.001576892849067 1
0.003778693885249 3
0.001128848439558 2
0.008777159867842 4
0.007672455363968 4
0.006492417198855 3
0.017531853575566 8
0.001500672324141 3
0.001015435275363 2
0.004470038602340 2
0.003078876854081 1
0.008092086902119 3
0.002346850901760 2
0.004918935836316 2
0.001636936265030 1
0.003093131395505 2
0.002430083404715 2
0.010417323226150 2
0.158115359145405 1
0.001839021710013 1
0.001025954568236 2
0.001461873787825 1
0.001327692812657 1
0.001704639833518 1
0.003068451396040 3
0.002803848615858 2
0.009275512419225 5
0.002565937325389 1
0.001348642449348 1
0.005970264549139 3
0.013486484162047 6
0.007784589269947 3
0.002420427371593 2
0.003485212981902 1
0.001658866983574 1
0.004652643614902 1
0.158115359145405 1
0.009272239410985 4
0.009331629235083 3
0.001145943941501 1
0.002309161270710 1
0.006491503565944 3
0.005534009296101 2
0.006215963470781 4
0.003813854885201 4
0.004130894203390 3
0.001019403246856 1
0.000689796274668 1
0.001894981313107 1
0.002097557678608 1
0.002353807214224 1
0.001409595456481 1
0.001163507448106 1
0.001951229433894 1
0.001926333907288 1
0.002583746718599 1
0.000230823049151 1
0.001206996313783 1
0.000257765195329 1
0.002188116532991 1
0.000376394139521 1
0.001459585548386 1
0.002297933485692 1
0.000938710638765 1
0.000145731450057 1
0.001818958022930 1
0.002751413637297 1
0.001334023739797 1
0.000257765195329 1
0.001578983496177 1
0.002583746718599 1
0.002097557678608 1
0.002339706161710 1
0.001936914753469 1
0.000257765195329 1
0.001272207025527 1
