0.000013705907967 25
0.000011686353837 23
0.000016568363579 29
0.000017258786714 30
0.000017156367777 30
0.000017390173327 30
0.000017002483049 30
0.000017253877038 30
0.000011684586086 23
0.000017060424763 30
0.000017552744754 30
0.000011407758773 22
0.000015318543072 27
0.000017162545660 30
0.000012571396460 24
0.000017009251463 30
0.000013739656305 26
0.000017414470051 30
0.000017553682766 30
0.000017510810564 30
0.000016226707502 28
0.000013132782375 25
0.000013690150904 26
0.000017545087813 30
0.000015735753607 28
0.000016166161271 28
0.000017326337977 30
0.000016499622698 29
0.000013945961886 25
0.000017218803717 30
0.000006629125180 12
0.000007964538065 15
0.000007891691470 15
0.000007724713508 15
0.000002629272948 5
0.000002153976496 4
0.000002071537672 4
0.000007836954000 15
0.000007691909689 15
0.000008262059931 16
0.000007911614139 15
0.000005797084154 11
0.000006204991143 11
0.000008330938803 16
0.000006390050709 12
0.000008702358249 16
0.000007764289046 15
0.000008776048787 17
0.000001627225402 3
0.000006428036033 12
0.000007829514603 15
0.000005382582215 10
0.000005663366831 10
0.000006015919046 11
0.000008057682762 15
0.000008173154732 15
0.000005215790281 9
0.000008321091612 16
0.000004193522606 8
0.000005985310793 11
0.000000633378451 1
0.000000633378451 1
0.000000633378451 1
0.000000633378451 1
0.000001021015336 2
0.000000633378451 1
0.000000633378451 1
0.000000633378451 1
0.000000633378451 1
0.000000633378451 1
0.000000633378451 1
0.000000633378451 1
0.000000633378451 1
0.000000633378451 1
0.000000633378451 1
0.000000633378451 1
0.000000633378451 1
0.000000633378451 1
0.000000633378451 1
0.000000633378451 1
0.000001021015336 2
0.000000633378451 1
0.000000633378451 1
0.000000633378451 1
0.000001015219699 2
0.000000633378451 1
0.000001015219699 2
0.000000633378451 1
0.000000633378451 1
0.000000633378451 1
