0.001506017797352 2
0.001566240275629 1
0.007857128869453 4
0.005740291418763 3
0.005988721250280 2
0.001391381341891 2
0.001911165456092 2
0.004810274453381 3
0.001186535327474 1
0.003035678201613 4
0.006491353199241 4
0.000765736966926 2
0.000984290548077 1
0.002209798336645 3
0.001253980599716 1
0.003890701943608 3
0.001467021290164 2
0.004240254333022 3
0.004981292261440 3
0.006340752154087 4
0.014563854393083 7
0.001784849053141 3
0.000921900412998 2
0.004058791034767 3
0.003310281624056 2
0.007499833182652 3
0.003372617620699 3
0.004605150271939 2
0.001273859284096 1
0.006142797650842 4
0.001753539503339 2
0.008599516488299 2
-0.005982304838381 1
0.000734579484707 1
0.000865312479577 2
0.001186535327474 1
0.003151949049716 2
0.001684112459785 1
0.004870095176693 4
0.005879852528782 4
0.010216287214763 7
0.002436755390183 2
0.001346256573321 2
0.005415536582299 3
0.010436811499718 8
0.007933219327205 4
0.003417286004783 3
0.003445406847373 2
0.001429778704405 1
0.003337578701817 1
0.000940488149425 1
0.008991263984633 5
0.007173566870932 2
0.000935907447104 1
0.004379695417978 2
0.007466841132318 4
0.004846292181097 2
0.004078442162903 4
0.003566043217629 5
0.003486560502473 3
0.000796686048817 1
0.000534936765093 1
0.001476442021730 1
0.001634366239833 1
0.001833892717236 1
0.001101187663755 1
0.000904666853900 1
0.001520344552109 1
0.001502347110711 1
0.002014410988957 1
0.000180050672162 1
0.000943070453101 1
0.000201698348296 1
0.001709745808819 1
0.000292677570559 1
0.001117671129950 1
0.001793936668442 1
0.000728243906077 1
0.000455788680789 1
0.001416342256843 1
0.002146701842337 1
0.001032350532617 1
0.000201698348296 1
0.001232289474108 1
0.002014410988957 1
0.001634366239833 1
0.001824145443186 1
0.001505136946771 1
0.000215210375828 1
0.000991872691701 1
