0.000011494262397 1
0.000011494262397 1
0.000011494262397 1
0.000011494262397 1
0.000011494262397 1
0.000018997926609 2
0.000011494262397 1
0.000018025088765 2
0.000011494262397 1
0.000011494262397 1
0.000021170125136 2
0.000011494262397 1
0.000019771207761 2
0.000011494262397 1
0.000011494262397 1
0.000011494262397 1
0.000022511328099 2
0.000011494262397 1
0.000021170125136 2
0.000011494262397 1
0.000011494262397 1
0.000021875832934 2
0.000020116806798 2
0.000021875832934 2
0.000011494262397 1
0.000011494262397 1
0.000011494262397 1
0.000018025088765 2
0.000011494262397 1
0.000011494262397 1
0.000011494262397 1
0.000011494262397 1
0.000020116806798 2
0.000019771207761 2
0.000022511328099 2
0.000011494262397 1
0.000011494262397 1
0.000011494262397 1
0.000011494262397 1
0.000018997926609 2
0.000011494262397 1
0.000011494262397 1
0.000011494262397 1
0.000011494262397 1
0.000011494262397 1
0.000049756966028 5
0.000048378178940 5
0.000038529649750 4
0.000065180565866 7
0.000037442934200 4
0.000044206855487 5
0.000037127251644 4
0.000039707234675 4
0.000025850116447 3
0.000044861543485 5
0.000011494262397 1
0.000036270964181 4
0.000029899959681 3
0.000027382543980 3
0.000041711015211 4
0.000037049673927 4
0.000058984507929 6
0.000028537197089 3
0.000031504938268 3
0.000035349527876 4
0.000038594996702 4
0.000033785195906 4
0.000041718179205 5
0.000027020771636 3
0.000029844501992 3
0.000030858401821 3
0.000047019938380 5
0.000018296702044 2
0.000045354870707 5
0.000054803858201 6
0.000037128537205 4
0.000033671670761 4
0.000035926564436 4
0.000050502318075 5
0.000011494262397 1
0.000030333651939 3
0.000020670559427 2
0.000037784400329 4
0.000018212470525 2
0.000019296877034 2
0.000035064296262 4
0.000030477051039 3
0.000047694366025 5
0.000044575697968 5
0.000018197847409 2
