0.000053765625292 2
0.000017831155066 2
0.000053967159581 2
0.000017257539658 1
0.000157802928804 4
0.000075446356774 3
0.000010916465740 1
0.000099659490901 3
0.000010916465740 1
0.000010916465740 1
0.000092752655614 3
0.000017395190234 1
0.000017936753443 1
0.000018467258705 1
0.000010916465740 1
0.000043816196983 2
0.000054749435864 2
0.000038357323720 1
0.000077942365998 2
0.000023564634903 1
0.000197430823294 5
0.000093814105050 4
0.000128449479599 5
0.000100166810365 3
0.000024293727930 1
0.000066802321731 2
0.000064961390917 2
0.000041844250581 2
0.000018016325480 2
0.000045083675872 2
0.000047028323584 2
0.000160760305647 4
0.000094534119532 4
0.000017658492418 1
0.000057565268330 2
0.000010916465740 1
0.000018016325480 2
0.000010916465740 1
0.000061543850661 3
0.000055154019008 2
0.000071003732505 3
0.000076198806471 4
0.000032479831937 2
0.000055670490535 2
0.000180038263840 4
0.000092110225903 3
0.000106934767608 4
0.000139781517619 4
0.000017831155066 2
0.000025582344328 1
0.000036581852721 2
0.000161319537186 3
0.000077878155891 3
0.000010916465740 1
0.000043610512237 2
0.000096271191244 3
0.000104463743677 3
0.000114555483037 3
0.000087683595424 3
0.000037559431727 1
0.000010916465740 1
0.000010916465740 1
0.000010916465740 1
0.000010916465740 1
0.000010916465740 1
0.000010916465740 1
0.000010916465740 1
0.000010916465740 1
0.000010916465740 1
0.000010916465740 1
0.000010916465740 1
0.000010916465740 1
0.000010916465740 1
0.000010916465740 1
0.000010916465740 1
0.000010916465740 1
0.000010916465740 1
0.000010916465740 1
0.000010916465740 1
0.000010916465740 1
0.000010916465740 1
0.000010916465740 1
0.000010916465740 1
0.000010916465740 1
0.000010916465740 1
0.000010916465740 1
0.000010916465740 1
0.000010916465740 1
0.000010916465740 1
0.000010916465740 1
