0.000007102472993 3
0.000007282039781 2
0.000008149937644 5
0.000006972725833 3
0.000003431018879 1
0.000012727953173 3
0.000018983267595 6
0.000009963502277 2
0.000006451345719 3
0.000003119220935 2
0.000006029778477 2
0.000005942588556 2
0.000017153923755 5
0.000004687995372 2
0.000006187281565 1
0.000001551585218 2
0.000003414554713 3
0.000003115516362 3
0.000010444210359 4
0.000010223858633 4
0.000006219526527 2
0.000013469914862 4
0.000007141658351 5
0.000014638594789 4
0.000003842509017 3
0.000003216307623 1
0.000002295411951 2
0.000009165822247 2
0.000007069004975 2
0.000005899907270 1
0.000001604450830 1
0.000005178230350 2
0.000008333591787 5
0.000009889011493 4
0.000003949149935 3
0.000006767134628 3
0.000007108183502 3
0.000004005811575 2
0.000000799395032 2
0.000019379465233 5
0.000003747587549 2
0.000004817234397 3
0.000010684350403 5
0.000002117816388 1
0.000003216307623 1
0.000073727433924 4
0.000027656345745 3
0.000017227359276 4
0.000085444133370 5
0.000054154340280 5
0.000048689064383 3
0.000038737864004 3
0.000015163262773 3
0.000014724652077 3
0.000020738089354 3
0.000002243844653 2
0.000019800759987 3
0.000018854646749 5
0.000030907163921 5
0.000021090743445 4
0.000022704856357 3
0.000077224523365 4
0.000018903250695 4
0.000032139728287 5
0.000013947759409 4
0.000020912028831 4
0.000040710951211 6
0.000015020619795 3
0.000021845083680 3
0.000033214520855 5
0.000018497947591 2
0.000039465464933 7
0.000007622428681 1
0.000062170448416 4
0.000050544103232 3
0.000027005468889 3
0.000007894417720 3
0.000013186351205 3
0.000047248407928 7
0.000002131670250 2
0.000032034792568 4
0.000023343567759 3
0.000044588149717 7
0.000011029553535 4
0.000004746874473 1
0.000006438875900 2
0.000029351828558 4
0.000040290530984 6
0.000038160195190 6
0.000007734909351 3
