0.000000543569098 5
0.000000867461168 4
0.000000721795910 2
0.000001030475754 6
0.000001188595197 3
0.000001179969865 6
0.000000678440623 3
0.000002866576283 5
0.000000348721951 2
0.000001498408233 6
0.000000338782380 2
0.000000381976614 2
0.000000534698631 5
0.000000180090079 2
0.000001829116655 5
0.000001873815190 5
0.000001712992488 4
0.000002659023008 7
0.000001119075500 6
0.000000879825967 3
0.000002686392203 5
0.000000188513779 3
0.000000832486675 3
0.000001070415340 6
0.000000861895266 5
0.000001265757173 4
0.000000443025766 1
0.000001737301045 4
0.000001122296188 6
0.000001561308500 3
0.000001754385944 6
0.000003598031274 9
0.000000424022708 2
0.000002523529021 8
0.000002046996072 7
0.000002299673965 8
0.000007150441144 12
0.000001926991866 7
0.000002911710583 5
0.000001016874272 4
0.000005311508437 11
0.000010568267809 14
0.000009651338022 14
0.000007388218140 11
0.000001921965859 9
0.000001302898380 4
0.000000433498167 5
0.000001916469562 6
0.000001617020991 5
0.000000579006930 5
0.000002288335366 10
0.000000712545108 5
0.000002864847904 6
0.000000631177611 5
0.000001893791514 7
0.000000469839903 5
0.000002911789418 5
0.000000359468513 4
0.000001651288334 3
0.000008831237816 10
0.000001374555330 5
0.000002140975948 6
0.000000598482043 3
0.000004056224161 10
0.000001612967525 3
0.000001292363371 4
0.000001109304067 5
0.000001616590122 4
0.000000590818199 3
0.000000367198891 2
0.000001911683159 4
0.000000133658270 2
0.000001665392182 5
0.000000367869493 3
0.000001478780778 3
0.000001150119311 5
0.000001247738220 6
0.000000526216935 2
0.000000853460319 5
0.000002520785525 6
0.000001660885542 3
0.000004228127707 10
0.000006543055008 10
0.000001693367651 7
0.000001732198742 5
0.000001702517060 4
0.000001303574703 5
0.000002465839598 4
0.000005079790279 12
0.000002028954388 4
