0.000059132035111 3
0.000015515432211 2
0.000134573804954 8
0.000031650130340 4
0.000159587831047 6
0.000074848978353 7
0.000010497251312 1
0.000115812298023 7
0.000024422270191 2
0.000041061455977 5
0.000148190320815 8
0.000017867182999 2
0.000034739645478 3
0.000032864477400 2
0.000004988973047 1
0.000048171360022 4
0.000031040134057 3
0.000141569228045 8
0.000075284859943 8
0.000054044301224 4
0.000151714451648 8
0.000057344520414 5
0.000075211657143 4
0.000072981582049 7
0.000067239848611 5
0.000077105555959 4
0.000081762979687 7
0.000035819226656 4
0.000038877296622 5
0.000053261955174 4
0.000074778526798 7
0.000162332816796 7
0.000053792795478 5
0.000045380336792 5
0.000044181514672 3
0.000023663945004 3
0.000012070193832 2
0.000008019478397 1
0.000057330912515 7
0.000059343118354 7
0.000041758917491 3
0.000042238199124 4
0.000034906338776 4
0.000036516326726 3
0.000172558496913 10
0.000073190886416 6
0.000090115859281 5
0.000127397798271 5
0.000008917917570 1
0.000027601299414 2
0.000065380614659 7
0.000175311209739 11
0.000096087636572 6
0.000024735373307 3
0.000080710032363 6
0.000106504174624 6
0.000084975913931 4
0.000171158929642 11
0.000131966303356 10
0.000105738788845 9
0.000001132685618 1
0.000009047020433 1
0.000009914327545 1
0.000005707981828 1
0.000002246198499 1
0.000009094532340 1
0.000005072870211 1
0.000007666748438 1
0.000010508300013 1
0.000009920870301 1
0.000004447933265 2
0.000005946911410 1
0.000001512132033 1
0.000007244458981 1
0.000000733444346 1
0.000005720111302 1
0.000007032171069 1
0.000005009031340 1
0.000008258601605 1
0.000004235905077 1
0.000001941701522 1
0.000000841458224 1
0.000002425896853 2
0.000007340919094 1
0.000010816153471 1
0.000011066581255 2
0.000006509623789 1
0.000008899396763 1
0.000002425896853 2
0.000005325748974 1
