0.000044444376740 36
0.000031759738706 30
0.000048786078491 36
0.000044151148237 35
0.000048477201137 36
0.000045997259776 36
0.000035057705138 30
0.000046933723122 36
0.000041174147882 34
0.000040584384749 35
0.000047595785306 36
0.000037891799117 33
0.000044136301842 35
0.000041370282059 33
0.000032877213967 29
0.000041969228976 34
0.000038774321356 32
0.000046818492144 36
0.000048508495081 36
0.000048403121839 36
0.000044391005629 34
0.000039228929842 32
0.000037505903693 31
0.000048177389298 36
0.000046367384307 36
0.000043784450943 34
0.000045293027940 35
0.000043501512394 35
0.000038385268386 34
0.000041383273787 33
0.000023224634738 31
0.000023376006440 31
0.000022095923550 30
0.000015304638966 22
0.000012736397912 20
0.000017474919470 27
0.000008358180512 18
0.000012492313466 22
0.000021113875116 29
0.000022197246214 30
0.000020830334252 31
0.000021627069706 30
0.000014811141196 23
0.000023713148686 34
0.000021390640929 30
0.000028545496053 36
0.000016941205188 26
0.000026563118419 34
0.000013187175023 22
0.000019392427600 28
0.000019329652966 27
0.000018435151709 27
0.000017673087063 26
0.000011078354664 20
0.000021965241166 29
0.000017084244835 26
0.000021551398484 29
0.000024977955827 32
0.000014722813983 22
0.000020696488938 30
0.000000042223177 6
0.000000130718862 8
0.000000105394956 4
0.000000155721380 8
0.000000049476933 4
0.000000274112984 6
0.000000292893494 7
0.000000145027248 8
0.000000185465746 9
0.000000142207040 7
0.000000193595162 11
0.000000110110185 6
0.000000120452856 8
0.000000098896995 5
0.000000066778071 6
0.000000086632644 5
0.000000086069144 6
0.000000140527036 5
0.000000345485990 9
0.000000205654139 6
0.000000053580428 5
0.000000245963325 6
0.000000163620223 9
0.000002799609376 10
0.000000647170475 11
0.000000190562700 6
0.000000383317782 11
0.000000041015459 6
0.000000170534908 9
0.000000089674636 9
