0.000011517081816 37
0.000010255944529 36
0.000011698625390 37
0.000011044412512 37
0.000011634565171 37
0.000011570749888 36
0.000010705891074 34
0.000011624355280 37
0.000011280078609 37
0.000010311926355 35
0.000011641526558 37
0.000010266609064 34
0.000011550745020 37
0.000011381103800 35
0.000010336670455 35
0.000010496858883 35
0.000010955842841 35
0.000011529270187 36
0.000011544724738 37
0.000011645594893 37
0.000011439784741 36
0.000010423131519 34
0.000010986930087 35
0.000011540779226 37
0.000011587569228 37
0.000011348336609 36
0.000011546549911 36
0.000011281067133 37
0.000011239060653 36
0.000010512160543 36
0.000009359218280 35
0.000009608110165 36
0.000009301334675 35
0.000009120739066 35
0.000007970865104 31
0.000010615705467 42
0.000007461117869 34
0.000007931901072 35
0.000009313624775 35
0.000009415858716 35
0.000009404264480 33
0.000009610799729 36
0.000008697337272 35
0.000009465415509 33
0.000009734205225 34
0.000010112263575 35
0.000009613234434 35
0.000009899270087 36
0.000009966007025 39
0.000009530768306 35
0.000009176640084 35
0.000009594275419 34
0.000009921276085 36
0.000007682851601 33
0.000010407166469 36
0.000009821769002 36
0.000009389772636 36
0.000009967802075 36
0.000008664511988 32
0.000009556483308 34
0.000006410315525 39
0.000006257145991 39
0.000006405558598 39
0.000006351432617 38
0.000006418104797 39
0.000006405460407 39
0.000006485335729 38
0.000006391595102 39
0.000006379506706 39
0.000006423245436 39
0.000006410295754 38
0.000006429556520 39
0.000006372147325 40
0.000006431237712 39
0.000006414145126 39
0.000006440857622 39
0.000006415997410 39
0.000006438596640 39
0.000006391400593 40
0.000006377385053 39
0.000006437032341 39
0.000006423874824 39
0.000006487533850 39
0.000006370805632 39
0.000006430789352 39
0.000006448257381 39
0.000006336732585 39
0.000006438393942 39
0.000006395244729 39
0.000006443513221 39
0.000007131595658 34
0.000009751054691 40
0.000009203360470 40
0.000008455762418 39
0.000009151403632 36
0.000008881516720 37
0.000009164814087 37
0.000008586258980 34
0.000009354696714 36
0.000009610434824 40
0.000009161721836 35
0.000009777527432 36
0.000009348780240 36
0.000009371337843 37
0.000009730597946 37
0.000009832063275 38
0.000009834398628 39
0.000009790420508 38
0.000009815997690 36
0.000008160617859 38
0.000009258793359 39
0.000008169994553 35
0.000009668155802 36
0.000008919021011 37
0.000009587075487 36
0.000009799070923 38
0.000009709779936 40
0.000009292141631 36
0.000009248917894 38
0.000009650271100 37
0.000000096946727 12
0.000000119653491 11
0.000000085410018 7
0.000000142101700 13
0.000000237087897 5
0.000000178173395 17
0.000000200044108 9
0.000000343464168 11
0.000000162263418 15
0.000000207417816 15
0.000000164707370 13
0.000000314778389 17
0.000000107616213 10
0.000000168086870 15
0.000000154444524 15
0.000000110905166 11
0.000000116135720 12
0.000000099765549 9
0.000000193402797 8
0.000000132335567 11
0.000000174417509 8
0.000006483250759 28
0.000000147788500 15
0.000000020988492 6
0.000000167368691 16
0.000000027236581 4
0.000000177880526 17
0.000000197928245 10
0.000000091535014 8
0.000000162746525 15
0.000001101628689 17
0.000000167652138 14
0.000000099891617 11
0.000000021326419 5
0.000000127054267 11
0.000000129467722 11
0.000000700328521 9
0.000000044080060 5
0.000000067323698 6
0.000000089045504 8
0.000000152008310 14
0.000000165718339 14
0.000000585860430 11
0.000000113514045 9
0.000000455294455 16
0.000000104404438 9
0.000000181128373 15
0.000000183305517 5
0.000000178974841 11
0.000000168552793 16
0.000000087410435 12
0.000000144024161 12
0.000001434810453 18
0.000000802575636 9
0.000000126603679 15
0.000000061967451 5
0.000000149621529 15
0.000000052149125 9
0.000000179550338 15
0.000001659839294 13
