0.000000000000000 1
0.000000000000000 3
0.000000000000000 3
0.000000000000000 3
0.000000000000000 3
0.000000000000000 0
0.000000000000000 1
0.000000000000000 1
0.000000000000000 2
0.000000000000000 2
0.000000000000000 5
0.000000000000000 0
0.000000000000000 3
0.001910130037982 64
0.000000000000000 1
0.000000000000000 2
0.000000000000000 1
0.000000000000000 3
0.000000000000000 2
0.000000000000000 2
0.000000000000000 0
0.000000000000000 1
0.000000000000000 0
0.000000000000000 0
0.000000000000000 3
0.000000000000000 3
0.000000000000000 2
