0.000000000207402 90
0.000000009746580 90
0.000000212882849 90
0.000000005696754 90
0.000000120446364 90
0.000000000000041 90
0.000000000000623 90
0.000000025045736 90
0.000000000804654 90
0.000000009095150 90
0.000000153137089 90
0.000000000000000 90
0.000000000376506 90
0.000009362172256 90
0.000000045456224 90
0.000000000099497 90
0.000000000000397 90
0.000000000103780 90
0.000000001577555 90
0.000000036489196 90
0.000000000000000 90
0.000000000000315 90
0.000000000000028 90
0.000000000000009 90
0.000000000042622 90
0.000000002136885 90
0.000000112450307 90
