0.000000592712597 180
0.000000016859898 180
0.000000134544409 180
0.000000467639891 180
0.000000187918662 180
0.000000093902161 180
0.000000142080722 180
0.000000316173366 180
0.000000289166668 180
0.000000063663755 180
0.000000437007429 180
0.000000064270132 180
0.000000135290935 180
0.000000657862523 180
0.000000400606053 180
0.000000032420841 180
0.000000044566474 180
0.000000181883101 180
0.000000003101711 180
0.000000006530603 180
0.000000002993225 180
0.000000543860209 180
0.000000425326679 180
0.000000124229193 180
0.000000201772599 180
0.000000159130843 180
0.000000077759985 180
