0.000000000000000 0
0.000000000000000 0
0.000000156534978 1
0.000000000000000 0
0.000000000000000 0
0.000000000000000 0
0.000000135396941 1
0.000000254246126 2
0.000000000000000 0
0.000000000000000 0
0.000000335063555 2
0.000000000000000 0
0.000000000000000 0
0.000000129640021 1
0.000000120570135 1
0.000000000000000 0
0.000000000000000 0
0.000000140212878 1
0.000000000000000 0
0.000000000000000 0
0.000000000000000 0
0.000000114284292 1
0.000000244056900 2
0.000000000000000 0
0.000000223485531 1
0.000000149530327 1
0.000000000000000 0
