0.000000000000000 0
0.000000000000000 0
0.000000000000000 0
0.000000160378044 21
0.000000099605083 1
0.000000107038361 2
0.000000000000000 0
0.000000308466504 3
0.000001444221358 30
0.000000000000000 0
0.000000285301807 10
0.000000084081961 1
0.000000640951022 19
0.000000308261053 6
0.000000423472024 8
0.000000111303302 1
0.000000465366491 37
-0.000000009734268 0
0.000000135625616 3
0.000000000000000 0
0.000000049144082 1
0.000000051421376 4
0.000000679999566 47
0.000000097328774 2
0.000000028850627 1
0.000000077741200 2
0.000000000000000 0
