0.000000000000000 0
0.000000000000000 0
0.000000160863035 1
0.000000000000000 0
0.000000000000000 0
0.000000000000000 0
0.000000134755018 1
0.000000250091008 2
0.000000000000000 0
0.000000000000000 0
0.000000350160290 2
0.000000000000000 0
0.000000000000000 0
0.000000127843509 1
0.000000117123429 1
0.000000000000000 0
0.000000000000000 0
0.000000140601893 1
0.000000000000000 0
0.000000000000000 0
0.000000000000000 0
0.000000109811297 1
0.000000239841612 2
0.000000000000000 0
0.000000250968797 1
0.000000152083628 1
0.000000000000000 0
