27 3
27
1.142745862503102838e+00 1.323685775889948957e+00 9.784448449403404524e+00
1.142745862503102838e+00 1.323685775889948957e+00 5.293395712785171270e+01
1.142745862503102838e+00 1.323685775889948957e+00 9.608346580630001199e+01
4.944612991847389338e+01 1.323685775889948957e+00 9.784448449403404524e+00
4.944612991847389338e+01 1.323685775889948957e+00 5.293395712785171270e+01
4.944612991847389338e+01 1.323685775889948957e+00 9.608346580630001199e+01
9.774951397444468171e+01 1.323685775889948957e+00 9.784448449403404524e+00
9.774951397444468171e+01 1.323685775889948957e+00 5.293395712785171270e+01
9.774951397444468171e+01 1.323685775889948957e+00 9.608346580630001199e+01
1.142745862503102838e+00 4.975331237885763613e+01 9.784448449403404524e+00
1.142745862503102838e+00 4.975331237885763613e+01 5.293395712785171270e+01
1.142745862503102838e+00 4.975331237885763613e+01 9.608346580630001199e+01
4.944612991847389338e+01 4.975331237885763613e+01 9.784448449403404524e+00
4.944612991847389338e+01 4.975331237885763613e+01 5.293395712785171270e+01
4.944612991847389338e+01 4.975331237885763613e+01 9.608346580630001199e+01
9.774951397444468171e+01 4.975331237885763613e+01 9.784448449403404524e+00
9.774951397444468171e+01 4.975331237885763613e+01 5.293395712785171270e+01
9.774951397444468171e+01 4.975331237885763613e+01 9.608346580630001199e+01
1.142745862503102838e+00 9.818293898182531620e+01 9.784448449403404524e+00
1.142745862503102838e+00 9.818293898182531620e+01 5.293395712785171270e+01
1.142745862503102838e+00 9.818293898182531620e+01 9.608346580630001199e+01
4.944612991847389338e+01 9.818293898182531620e+01 9.784448449403404524e+00
4.944612991847389338e+01 9.818293898182531620e+01 5.293395712785171270e+01
4.944612991847389338e+01 9.818293898182531620e+01 9.608346580630001199e+01
9.774951397444468171e+01 9.818293898182531620e+01 9.784448449403404524e+00
9.774951397444468171e+01 9.818293898182531620e+01 5.293395712785171270e+01
9.774951397444468171e+01 9.818293898182531620e+01 9.608346580630001199e+01
