0.000000000000000 0
0.000000000000000 2
0.000000000000000 1
0.000000000000000 2
0.000000000000000 2
0.000000000000000 0
0.000000000000000 0
0.000000000000000 1
0.000000000000000 1
0.000000000000000 1
0.000000000000000 1
0.000000000000000 0
0.000000000000000 0
0.000231317562145 62
0.000000000000000 1
0.000000000000000 0
0.000000000000000 0
0.000000000000000 0
0.000000000000000 2
0.000000000000000 1
0.000000000000000 0
0.000000000000000 0
0.000000000000000 0
0.000000000000000 0
0.000000000000000 0
0.000000000000000 2
0.000000000000000 1
