0.000000000000000 0
0.000000000000000 0
0.000000000000000 0
0.000000161090891 21
0.000000099605083 1
0.000000107038361 2
0.000000000000000 0
0.000000306392396 3
0.000001444221358 30
0.000000000000000 0
0.000000289098471 10
0.000000084081961 1
0.000000640951022 19
0.000000302851028 6
0.000000422084897 8
0.000000118673935 1
0.000000464657740 37
-0.000000009734268 0
0.000000135625616 3
0.000000000000000 0
0.000000049144082 1
0.000000052262810 4
0.000000678982704 47
0.000000097328774 2
0.000000032487088 1
0.000000078561457 2
0.000000000000000 0
