0.000000000000000 0
0.000000000000000 0
0.000000000000000 0
0.000000000000000 0
0.000000000000000 0
0.000000000000000 0
0.000000000000000 0
0.000000000000000 0
0.000000000000000 0
0.000000000000000 0
0.000000000000000 0
0.000000000000000 0
0.000000000000000 0
0.003276966590159 4
0.000000000000000 0
0.000000000000000 0
0.000000000000000 0
0.000000000000000 0
0.000000000000000 0
0.000000000000000 0
0.000000000000000 0
0.000000000000000 0
0.000000000000000 0
0.000000000000000 0
0.000000000000000 0
0.000000000000000 0
0.000000000000000 0
