0.000000000000000 0
0.000000000000000 0
0.000000000000000 0
0.000000000000000 0
0.000000000000000 0
0.000000000000000 0
0.000000000000000 0
0.000000000000000 0
0.000000000000000 0
0.000000000000000 0
0.000000000000000 0
0.000000000000000 0
0.000000000000000 0
0.000043340000930 3
0.000000000000000 0
0.000000000000000 0
0.000000000000000 0
0.000000000000000 0
0.000000000000000 0
0.000000000000000 0
0.000000000000000 0
0.000000000000000 0
0.000000000000000 0
0.000000000000000 0
0.000000000000000 0
0.000000000000000 0
0.000000000000000 0
