0.000000000000000 0
0.000000075699399 3
0.000000575067221 1
0.000000628481345 34
0.000000410661877 2
0.000000000000000 0
0.000000000000000 0
0.000000442080697 1
0.000000000000000 0
0.000000000000000 0
0.000000313237328 2
0.000000000000000 0
0.000000234984819 4
0.000000137763002 1
0.000000070229364 1
0.000000000000000 0
0.000000668885340 37
0.000000063161202 1
0.000000000000000 0
0.000000000000000 0
0.000000164401595 1
0.000000000000000 0
0.000000686253036 30
0.000000149730639 5
0.000000000000000 0
0.000000000000000 0
0.000000135507402 1
