0.000000000000000 0
0.000000075864923 3
0.000000593543002 1
0.000000628481345 34
0.000000406634133 2
0.000000000000000 0
0.000000000000000 0
0.000000442080697 1
0.000000000000000 0
0.000000000000000 0
0.000000314187079 2
0.000000000000000 0
0.000000234984819 4
0.000000137763002 1
0.000000070229364 1
0.000000000000000 0
0.000000668885340 37
0.000000063161202 1
0.000000000000000 0
0.000000000000000 0
0.000000164401595 1
0.000000000000000 0
0.000000686406638 30
0.000000149359411 5
0.000000000000000 0
0.000000000000000 0
0.000000132313335 1
