27 3
27
4.695476192547065608e-01 1.919319830933352566e+00 1.323685775889948957e+00
4.695476192547065608e-01 1.919319830933352566e+00 4.975331237885763613e+01
4.695476192547065608e-01 1.919319830933352566e+00 9.818293898182531620e+01
4.975172117946256378e+01 1.919319830933352566e+00 1.323685775889948957e+00
4.975172117946256378e+01 1.919319830933352566e+00 4.975331237885763613e+01
4.975172117946256378e+01 1.919319830933352566e+00 9.818293898182531620e+01
9.903389473967042989e+01 1.919319830933352566e+00 1.323685775889948957e+00
9.903389473967042989e+01 1.919319830933352566e+00 4.975331237885763613e+01
9.903389473967042989e+01 1.919319830933352566e+00 9.818293898182531620e+01
4.695476192547065608e-01 5.090201024386000483e+01 1.323685775889948957e+00
4.695476192547065608e-01 5.090201024386000483e+01 4.975331237885763613e+01
4.695476192547065608e-01 5.090201024386000483e+01 9.818293898182531620e+01
4.975172117946256378e+01 5.090201024386000483e+01 1.323685775889948957e+00
4.975172117946256378e+01 5.090201024386000483e+01 4.975331237885763613e+01
4.975172117946256378e+01 5.090201024386000483e+01 9.818293898182531620e+01
9.903389473967042989e+01 5.090201024386000483e+01 1.323685775889948957e+00
9.903389473967042989e+01 5.090201024386000483e+01 4.975331237885763613e+01
9.903389473967042989e+01 5.090201024386000483e+01 9.818293898182531620e+01
4.695476192547065608e-01 9.988470065678664866e+01 1.323685775889948957e+00
4.695476192547065608e-01 9.988470065678664866e+01 4.975331237885763613e+01
4.695476192547065608e-01 9.988470065678664866e+01 9.818293898182531620e+01
4.975172117946256378e+01 9.988470065678664866e+01 1.323685775889948957e+00
4.975172117946256378e+01 9.988470065678664866e+01 4.975331237885763613e+01
4.975172117946256378e+01 9.988470065678664866e+01 9.818293898182531620e+01
9.903389473967042989e+01 9.988470065678664866e+01 1.323685775889948957e+00
9.903389473967042989e+01 9.988470065678664866e+01 4.975331237885763613e+01
9.903389473967042989e+01 9.988470065678664866e+01 9.818293898182531620e+01
