0.000000155684681 90
0.000000410029489 90
0.000000000013257 90
0.000001876851931 90
0.000001524458266 90
0.000000630353927 90
0.000000302488571 90
0.000001663942079 90
0.000000647210144 90
0.000000776443266 90
0.000000576474238 90
0.000000763931308 90
0.000000032133568 90
0.000003810689184 90
0.000000484040659 90
0.000000227202146 90
0.000000981928209 90
0.000000282015375 90
0.000000000000017 90
0.000000001683236 90
0.000000000000013 90
0.000000000000153 90
0.000001347617606 90
0.000000000000646 90
0.000000000000079 90
0.000000016547452 90
0.000000000000025 90
