0.000000000000000 0
0.000002601213906 1
0.000000000000000 0
0.000000000000000 0
0.000000000000000 0
0.000010470463401 6
0.000000000000000 0
0.000009762640182 3
0.000000000000000 0
0.000000000000000 0
0.000000000000000 0
0.000000889797725 3
0.000017388401337 6
0.000024865195975 4
0.000035296610926 4
0.000000000000000 0
0.000000743460282 1
0.000000000000000 0
0.000000000000000 0
0.000003356814891 1
0.000000000000000 0
0.000004689916981 3
0.000000000000000 0
0.000000000000000 0
0.000000000000000 0
0.000003074579315 1
0.000000000000000 0
