0.000000000000000 0
0.000002601213906 1
0.000000000000000 0
0.000000000000000 0
0.000000000000000 0
0.000008869882377 5
0.000000000000000 0
0.000009762640182 3
0.000000000000000 0
0.000000000000000 0
0.000000000000000 0
0.000000896393528 3
0.000017519152676 6
0.000025189334206 4
0.000037421910469 4
0.000000000000000 0
0.000000743460282 1
0.000000000000000 0
0.000000000000000 0
0.000003447885308 1
0.000000000000000 0
0.000004689916981 3
0.000000000000000 0
0.000000000000000 0
0.000000000000000 0
0.000003074579315 1
0.000000000000000 0
