0.000000000000000 0
0.000000091316767 2
0.000000000000000 0
0.000000164248759 32
0.000000095822687 1
0.000000102860251 2
0.000000000000000 0
0.000000295113740 3
0.000001377075909 30
0.000000000000000 0
0.000000221460919 6
0.000000112574612 1
0.000000691846853 18
0.000000311915777 5
0.000000406040780 8
0.000000000000000 0
0.000000443966541 37
-0.000000009416315 0
0.000000000000000 0
0.000000117339941 8
0.000000046353957 1
0.000000062823990 4
0.000000198062335 12
0.000000119891773 2
0.000000032915753 1
0.000000174346898 2
0.000000000000000 0
