0.000000000000000 0
0.000000000000000 0
0.000000000000000 0
0.000001607976144 2
0.000001544835642 2
0.000000000000000 0
0.000000000000000 0
0.000000806651640 1
0.000000752520676 1
0.000000836374177 1
0.000000000000000 0
0.000000725577418 1
0.000000000000000 0
0.000003245966474 5
0.000000000000000 0
0.000000000000000 0
0.000000771561450 1
0.000000000000000 0
0.000000000000000 0
0.000000000000000 0
0.000000000000000 0
0.000000000000000 0
0.000001051796000 2
0.000000000000000 0
0.000000000000000 0
0.000000000000000 0
0.000000000000000 0
