0.000000000000000 0
0.000000089348021 2
0.000000000000000 0
0.000000163625062 32
0.000000095822687 1
0.000000102860251 2
0.000000000000000 0
0.000000297156282 3
0.000001377075909 30
0.000000000000000 0
0.000000217219374 6
0.000000112574612 1
0.000000691846853 18
0.000000318367532 5
0.000000407344242 8
0.000000000000000 0
0.000000444619059 37
-0.000000009416315 0
0.000000000000000 0
0.000000115973468 8
0.000000046353957 1
0.000000061776367 4
0.000000198814676 12
0.000000119891773 2
0.000000029389741 1
0.000000172530955 2
0.000000000000000 0
