0.000000000000000 0
0.000000000000000 0
0.000000154004654 1
0.000000000000000 0
0.000000000000000 0
0.000000000000000 0
0.000000129856146 1
0.000000241586522 2
0.000000000000000 0
0.000000000000000 0
0.000000334115701 2
0.000000000000000 0
0.000000000000000 0
0.000000123431855 1
0.000000113439028 1
0.000000000000000 0
0.000000000000000 0
0.000000135280103 1
0.000000000000000 0
0.000000000000000 0
0.000000000000000 0
0.000000106602389 1
0.000000231716510 2
0.000000000000000 0
0.000000236241742 1
0.000000145904089 1
0.000000000000000 0
