0.000000049373540 90
0.000000206475836 90
0.000000528940016 90
0.000000204284700 90
0.000000475480342 90
0.000000001296545 90
0.000000003376153 90
0.000000219299793 90
0.000000059186246 90
0.000000173614314 90
0.000000505173083 90
0.000000000192651 90
0.000000034192939 90
0.000000777157970 90
0.000000279317237 90
0.000000028832373 90
0.000000040813350 90
0.000000039591033 90
0.000000111514560 90
0.000000256849030 90
0.000000000000629 90
0.000000002664989 90
0.000000025076680 90
0.000000001270946 90
0.000000022098034 90
0.000000132849850 90
0.000000399039628 90
