0.000000000000000 0
0.000000000000000 0
0.000000150009066 1
0.000000000000000 0
0.000000000000000 0
0.000000000000000 0
0.000000130470878 1
0.000000245530337 2
0.000000000000000 0
0.000000000000000 0
0.000000320233126 2
0.000000000000000 0
0.000000000000000 0
0.000000125128634 1
0.000000116691421 1
0.000000000000000 0
0.000000000000000 0
0.000000134932613 1
0.000000000000000 0
0.000000000000000 0
0.000000000000000 0
0.000000110828144 1
0.000000235799113 2
0.000000000000000 0
0.000000211290684 1
0.000000143547134 1
0.000000000000000 0
