0.000000594628081 180
0.000000018440860 180
0.000000130815496 180
0.000000463764363 180
0.000000192026207 180
0.000000095313395 180
0.000000140483075 180
0.000000319762836 180
0.000000304960807 180
0.000000064369248 180
0.000000420828570 180
0.000000065042388 180
0.000000145586756 180
0.000000679323188 180
0.000000399584558 180
0.000000033725364 180
0.000000048181802 180
0.000000185408153 180
0.000000003346722 180
0.000000007386260 180
0.000000003272651 180
0.000000577236415 180
0.000000458300368 180
0.000000125055500 180
0.000000191650598 180
0.000000156945741 180
0.000000078902962 180
