0.000000137066934 1
0.000001700683939 14
0.000000316050895 2
0.000000178725774 1
0.000002756156641 7
0.000000166886893 2
0.000000281939854 3
0.000002120330562 5
0.000000637332108 1
0.000000618818120 1
0.000001165599689 8
0.000000520287170 2
0.000000648508570 1
0.000003653067900 16
0.000001835689210 3
0.000000000000000 0
0.000001047241953 2
0.000000329554792 1
0.000000357689750 3
0.000002838857202 25
0.000000269201764 4
0.000000158422096 1
0.000001048277892 11
0.000000336148562 3
0.000000333024710 4
0.000001623471841 3
0.000000319705062 2
