0.000000000000000 90
0.000003396243510 90
0.000000000000000 90
0.000000000000000 90
0.000002971340007 90
0.000000000000000 90
0.000000000000000 90
0.000002518791783 90
0.000000000000000 90
0.000000000000000 90
0.000001573555672 90
0.000000000000000 90
0.000034240543318 90
0.000031084592080 90
0.000062139979086 90
0.000000000000000 90
0.000001040097909 90
0.000000000000000 90
0.000000000000000 90
0.000000000000000 90
0.000000000000000 90
0.000000000000000 90
0.000000005077898 90
0.000000000000000 90
0.000000000000000 90
0.000009024835858 90
0.000000000000000 90
