0.000000000000000 0
0.000000000000000 0
0.000000000000000 0
0.000001690068412 2
0.000001587282074 2
0.000000000000000 0
0.000000000000000 0
0.000000836979114 1
0.000000768318302 1
0.000000875328478 1
0.000000000000000 0
0.000000734716040 1
0.000000000000000 0
0.000003237772650 5
0.000000000000000 0
0.000000000000000 0
0.000000792295179 1
0.000000000000000 0
0.000000000000000 0
0.000000000000000 0
0.000000000000000 0
0.000000000000000 0
0.000000994930634 2
0.000000000000000 0
0.000000000000000 0
0.000000000000000 0
0.000000000000000 0
