0.000000137066934 1
0.000001619692925 13
0.000000316050895 2
0.000000163507346 1
0.000002736239278 7
0.000000164364512 2
0.000000271328051 3
0.000002108890588 5
0.000000622248125 1
0.000000590439557 1
0.000001154926636 8
0.000000515786764 2
0.000000648508570 1
0.000003663410910 16
0.000001835689210 3
0.000000000000000 0
0.000001029129967 2
0.000000329554792 1
0.000000352237125 3
0.000002849423893 25
0.000000267933031 4
0.000000158422096 1
0.000001062908006 11
0.000000336148562 3
0.000000333024710 4
0.000001623471841 3
0.000000315525278 2
