0.000000000000000 84
0.000000000002620 87
0.000000233671015 83
0.000000000000167 89
0.000000028513247 90
0.000000000000000 89
0.000000000000000 86
0.000000000094328 87
0.000000000000000 85
0.000000000002321 88
0.000000069907683 90
0.000000000000000 88
0.000000000000000 90
0.000101097089891 90
0.000000000533394 90
0.000000000000000 89
0.000000000000000 90
0.000000000000000 89
0.000000000000001 85
0.000000000372798 87
0.000000000000000 84
0.000000000000000 88
0.000000000000000 90
0.000000000000000 90
0.000000000000000 86
0.000000000000002 86
0.000000022728081 81
