90 3
60 30
5.529215703790299585e+01 5.128809162637107022e+01 5.052663650302771714e+01
5.672267959760437606e+01 4.871382997886134802e+01 5.245784453851815954e+01
5.285026525257676866e+01 4.986415635150770242e+01 4.980080271148636228e+01
5.123179550581511421e+01 5.191393157023925653e+01 5.018957200073770508e+01
5.228311317544098102e+01 5.058415686592133653e+01 5.016013332723177598e+01
5.100102298212279806e+01 4.972999654051537988e+01 5.196631864147887114e+01
5.093920310495270343e+01 4.664007644804839714e+01 4.887594679293155053e+01
5.196085578632108337e+01 4.902325590332072380e+01 5.113766201717442783e+01
5.680926387196282690e+01 5.006022159549166872e+01 4.808594713033044599e+01
4.943844844992249676e+01 5.193378489276960863e+01 5.201725089161090665e+01
5.046484227709074588e+01 4.883160824847441006e+01 5.049768986472106036e+01
4.405761059532822088e+01 5.020576681518966211e+01 4.954212186148140518e+01
5.369087204218315890e+01 4.949024924108979917e+01 5.158242087268290987e+01
4.909309174827399147e+01 4.813115129495234612e+01 4.862002669147091893e+01
4.488118942812496215e+01 4.932926000795210797e+01 5.256736480277168511e+01
4.868577709516644347e+01 5.102323485263156044e+01 4.835122858309082972e+01
4.515830645732614812e+01 4.882149972934507076e+01 4.972001804570216166e+01
5.116070749357778880e+01 4.844620066362114841e+01 4.932774263276298399e+01
4.991545331498403471e+01 5.008754158779226628e+01 5.056371644372441665e+01
5.090741569321934179e+01 4.952260577801624208e+01 4.916518517666487043e+01
4.798261865667214465e+01 4.892983930947235649e+01 4.952680142782158157e+01
4.482115219300496989e+01 4.947122655095658672e+01 5.023350593503857908e+01
4.510940495910186598e+01 4.880592820064091342e+01 5.060905570015301436e+01
5.015583618738841665e+01 5.016975105696279513e+01 5.095953714197077744e+01
5.341820205362990492e+01 5.052951137828242878e+01 4.837487782730981678e+01
4.794556972717906262e+01 4.923819099879729322e+01 4.885396650140861396e+01
4.906534240361788335e+01 4.846657657334929326e+01 5.007391774733714840e+01
5.270247946086256263e+01 4.797818960692820411e+01 5.061284623573731523e+01
5.446475658138680132e+01 5.155136116060249662e+01 5.249513047601176652e+01
4.946022549256294809e+01 5.138773651572694945e+01 4.859081030052922046e+01
4.879046915908045889e+01 5.027410528619520846e+01 5.160882818939219163e+01
5.292991710945113937e+01 5.092990258490693378e+01 5.046900455441073774e+01
5.003150006216246481e+01 5.016702570713665210e+01 5.235033774752810132e+01
5.120596809033410324e+01 4.822624932390917962e+01 5.247836569486911173e+01
4.618854500454280299e+01 4.845608277254291352e+01 5.127579781584844909e+01
5.583086355694787528e+01 4.901629414680651564e+01 4.945564680815819969e+01
5.576882607944115477e+01 5.245784581547398062e+01 5.194846704279862593e+01
5.271813397482615926e+01 5.251378684782496009e+01 4.886656325661229516e+01
4.919598988714585630e+01 5.124665369850514196e+01 5.105609200903515443e+01
4.953496972072749571e+01 5.121369223502011891e+01 5.080817390120270716e+01
5.112927659346689069e+01 5.039250351074299061e+01 4.855310718969271733e+01
5.397915769006109343e+01 4.980306987003466190e+01 4.908589728957552012e+01
4.869453934483508561e+01 5.088478965874827509e+01 5.243376793614729792e+01
5.122238550872333462e+01 5.070969184716480527e+01 4.898673346226811987e+01
4.797700201802787490e+01 4.916317950000780002e+01 5.004189137056264514e+01
5.202929988483950297e+01 4.972586342085345734e+01 5.075883618985398016e+01
5.118802013798493533e+01 4.803739463562205714e+01 4.856145015380113961e+01
5.131817510379361380e+01 5.083574837150158032e+01 5.021935465590774328e+01
5.714943432459182304e+01 4.879865839064748201e+01 5.124300490859478430e+01
5.335104886428755577e+01 4.939252049682441736e+01 4.826816845357417662e+01
4.979527518402610298e+01 4.901984753268099126e+01 5.225488583124402453e+01
4.752068438402295669e+01 4.912681346916058089e+01 4.987042919109411798e+01
5.337990776631951917e+01 4.848984632588413035e+01 4.857873020607431158e+01
4.868653986576669723e+01 5.253940699318738439e+01 4.934455243403681379e+01
5.284826242077728153e+01 4.838723615911866460e+01 5.011522391358877826e+01
5.253308892920463791e+01 4.796696690357086368e+01 4.868364257394434702e+01
5.356408937705690221e+01 5.121191836757593308e+01 5.041711993515158241e+01
5.095618295882906068e+01 4.914320213489069999e+01 5.112765250182731336e+01
4.689727147464660817e+01 4.894265341922591972e+01 5.089702883288131829e+01
4.793135066674939537e+01 5.002300386696114032e+01 4.940048551006563571e+01
2.074700754411093939e+01 4.246854687515062210e+01 3.741699803342255848e+01
4.635754243648106865e+01 2.776287062947319129e+01 5.867843464581687840e+01
8.638556059232314510e+01 1.175318559620330916e+01 5.173791071541141662e+01
1.320681063451533177e+01 7.168596811925937118e+01 3.960597028072937320e+01
5.654213118585089859e+01 1.832798362140785997e+01 1.448477593433772270e+01
4.880562806489545835e+01 3.556127378499556357e+01 9.404319452528130796e+01
7.653252538069652644e+01 7.486636198505472350e+01 9.037197397459334525e+01
8.342243544201854988e+00 5.521924699224065591e+01 5.844760689557688949e+01
9.619363785472290829e+01 2.921475267925488595e+01 2.408287799154468090e+01
1.002939422654978152e+01 1.642962959147420410e+00 9.295293167921904853e+01
6.699165465909101158e+01 7.851529120231377590e+01 2.817301057539490827e+01
5.864101661863266912e+01 6.395526612098112906e+00 4.856275959346228888e+01
9.774951397444468171e+01 8.765052453165907309e+01 3.381589518368456027e+01
9.615701545414985674e+01 2.317016264712045270e+01 9.493188224156814670e+01
9.413777047064985481e+01 7.992025873523917312e+01 6.304479368667911388e+01
8.742879666249470461e+01 2.930202845077967311e+01 8.489435553129182210e+01
6.178766919175237859e+01 1.323685775889948957e+00 3.472335179322195842e+01
1.481408609481650274e+01 9.818293898182531620e+01 4.783703070399880630e+01
4.973913654986626653e+01 6.394725163987236272e+01 3.685846061296174980e+01
1.369002716855989377e+01 8.221177331942455169e+01 1.898479119027579642e+01
5.113189825464560556e+01 2.243170289747392587e+01 9.784448449403404524e+00
8.621915174216833577e+01 9.729194890231302395e+01 9.608346580630001199e+01
9.065554992211789909e+01 7.740473326986388258e+01 3.331451520286419310e+01
8.110138998799676813e+00 4.072411714138073080e+01 2.322341421709427323e+01
1.324876347579829705e+01 5.342718178682526187e+00 7.255943642105788172e+01
1.142745862503102838e+00 7.705807485027762027e+01 1.469466454003750577e+01
7.952208258675574903e+00 8.960303423860537464e+00 6.720478073539143793e+01
2.453672098528447520e+01 4.205394666800984282e+01 5.573687913239169234e+01
8.605511738287937362e+01 7.270442627113283152e+01 2.703279052387146209e+01
1.314827992911276056e+01 5.537432042119794673e+00 3.015986344809424935e+01
7.375546848285433402e-04
5.430711616470222701e-05
3.826265191410975746e-03
1.930941067489846431e-03
4.114415151747445945e-03
1.853903525618260566e-03
1.557451353552108386e-04
2.579072630760844559e-03
1.617731706898059964e-04
6.306115017353701533e-04
3.790191058929312865e-03
7.992979926884045960e-04
1.291215614055247476e-03
1.229527809498479540e-03
1.871649630641537333e-04
1.872347264317523931e-03
1.088108816483466948e-03
2.478917305053366434e-03
5.560124559518568252e-03
4.469463959344195138e-03
3.282752297819184137e-03
1.250813445052012312e-03
9.636191677827627040e-04
4.639134732109299018e-03
1.374079772264316570e-03
2.797966904552860387e-03
2.948058578214091553e-03
1.123144205243277851e-03
1.675383665803753292e-04
1.944014208543029618e-03
2.611473217820794827e-03
2.773253407682567655e-03
1.230604211324547214e-03
3.863605764345487284e-04
8.567728097899682651e-04
6.420666077628069341e-04
5.670052323137136593e-05
4.518043657767874797e-04
2.727903025072490797e-03
3.268181435348551690e-03
2.975404453786759541e-03
1.970073040649089266e-03
8.024704398239006133e-04
3.615461718074647422e-03
3.974825655407919316e-03
4.028098907717374277e-03
1.022894139715250974e-03
4.472425346989988316e-03
1.512008698232883907e-04
1.238720219409872444e-03
1.064934949018790655e-03
3.467971204227214815e-03
9.363983861573497644e-04
7.627091664502834390e-04
1.830828421688523999e-03
7.871478468209948138e-04
1.878016467807141479e-03
3.255147246960003998e-03
2.054986318418660328e-03
4.342030459676943406e-03
5.000000000000000833e-07
5.000000000000000833e-07
5.000000000000000833e-07
5.000000000000000833e-07
5.000000000000000833e-07
5.000000000000000833e-07
5.000000000000000833e-07
5.000000000000000833e-07
5.000000000000000833e-07
5.000000000000000833e-07
5.000000000000000833e-07
5.000000000000000833e-07
5.000000000000000833e-07
5.000000000000000833e-07
5.000000000000000833e-07
5.000000000000000833e-07
5.000000000000000833e-07
5.000000000000000833e-07
5.000000000000000833e-07
5.000000000000000833e-07
5.000000000000000833e-07
5.000000000000000833e-07
5.000000000000000833e-07
5.000000000000000833e-07
5.000000000000000833e-07
5.000000000000000833e-07
5.000000000000000833e-07
5.000000000000000833e-07
5.000000000000000833e-07
5.000000000000000833e-07
