90 3
60 30
5.966211262506396906e+01 5.219175129571023319e+01 5.536076871781845909e+01
6.227387754162555922e+01 6.022903638654148040e+01 4.464722860240865998e+01
5.520384857903152209e+01 4.917098242774342509e+01 4.943464706512885698e+01
5.224894061589475314e+01 5.078895913188413402e+01 5.796538404545767520e+01
5.416837529175425203e+01 5.066644151217935388e+01 5.243113905021835564e+01
5.182760955963249216e+01 5.818340811064832252e+01 4.887630191076875974e+01
5.171474242220496365e+01 4.532192497315394064e+01 3.601669888786715035e+01
5.358001648727528732e+01 5.473471205639373238e+01 4.593499476932110070e+01
6.243195807559668964e+01 4.203411113161038060e+01 5.025062972123992466e+01
4.897475182940186755e+01 5.839537751379173613e+01 5.804800943342429065e+01
5.084868200281556483e+01 5.207128142389100134e+01 4.513739719791398386e+01
3.915073092527190113e+01 4.809440667783960777e+01 5.085635857220928102e+01
5.673857958122958678e+01 5.658570565868872393e+01 4.787852364978979836e+01
4.834421964314030618e+01 4.425683888293826840e+01 4.222224143745121694e+01
4.065437327396040956e+01 6.068483688594507441e+01 4.720852003572896649e+01
4.760056823144231686e+01 4.313815721362848876e+01 5.425849006131855390e+01
4.116031743383476282e+01 4.883477349636839193e+01 4.509532764942643723e+01
5.211915225632611737e+01 4.720220503663998812e+01 4.353341120639561979e+01
4.984563957818157576e+01 5.234607027587892247e+01 5.036432983161848398e+01
5.165670681403474163e+01 4.652567480567031311e+01 4.801318480853118587e+01
4.631678243723087007e+01 4.803064622801946371e+01 4.554621438772794306e+01
4.054476078074220169e+01 5.097180300403501008e+01 4.779935518063190614e+01
4.107103592159063510e+01 5.253476280564586176e+01 4.503052219439756243e+01
5.028451665036079277e+01 5.399339347368759690e+01 5.070646849754509589e+01
5.624075456961193709e+01 4.323658043602482337e+01 5.220371592696592700e+01
4.624914065584826517e+01 4.523044758381892194e+01 4.682950981204226082e+01
4.829355650305984682e+01 5.030763024889228774e+01 4.361821149329402658e+01
5.493402987302941654e+01 5.255053822423262488e+01 4.158564679201074910e+01
5.815149297798399886e+01 6.038421268241832962e+01 5.645644161450407239e+01
4.901451108770162080e+01 4.413524635690884423e+01 5.577546996640461430e+01
4.779170891476725558e+01 5.669560740359445816e+01 5.114076903656590645e+01
5.534927230822240318e+01 5.195189914469265346e+01 5.387006062746621637e+01
5.005751098203064942e+01 5.978161554295118663e+01 5.069512615993959770e+01
5.220178642235805455e+01 6.031444115959288155e+01 4.261801960130297573e+01
4.304126707357446691e+01 5.530960444229395279e+01 4.357453848281703301e+01
6.064565166625053649e+01 4.773451554025591292e+01 4.590602139058126596e+01
6.053238724678003280e+01 5.810911347988690068e+01 6.022904170096530407e+01
5.496261097444488541e+01 4.528287265192699351e+01 6.046185661112387777e+01
4.853208508242504138e+01 5.439523469391979660e+01 5.518831270390838739e+01
4.915097475373174518e+01 5.336345123237116894e+01 5.505113396698745021e+01
5.206176754634802251e+01 4.397833387258023663e+01 5.163351775521812215e+01
5.726491475572203171e+01 4.619569515507046731e+01 4.918041786880618105e+01
4.761656583743567950e+01 6.012883458864244091e+01 5.368231003708165616e+01
5.223176039031731932e+01 4.578299598640473533e+01 5.295358946186946980e+01
4.630652790495478399e+01 5.017434314784844673e+01 4.651732759770688830e+01
5.370497774289743376e+01 5.315811796710327997e+01 4.885910072869677379e+01
5.216901809448249594e+01 4.401305554927672148e+01 4.183204577424288573e+01
5.240664746363157889e+01 5.091290833153767181e+01 5.347821042710724981e+01
6.305302150993551891e+01 5.517312720125556780e+01 4.500026676132168291e+01
5.611815018090788243e+01 4.279247827674629434e+01 4.747179699745876036e+01
4.962622533403335012e+01 5.938436457384653266e+01 4.592080984153323442e+01
4.547340969984852421e+01 4.946075331528862051e+01 4.636597976144601319e+01
5.617083908633367173e+01 4.408497152308773792e+01 4.371505535044384771e+01
4.760196085365552676e+01 4.727216392386245047e+01 6.056848231304834940e+01
5.520019192517996487e+01 5.047953789844248718e+01 4.328801323568670512e+01
5.462476648897329312e+01 4.452159491871869079e+01 4.153894024112906180e+01
5.650710716259533939e+01 5.173596617985845825e+01 5.504375150062429611e+01
5.174574325217570703e+01 5.469305454100058483e+01 4.643418597036325224e+01
4.433521865616402380e+01 5.373324692734714603e+01 4.559954404014337115e+01
4.622318032203541094e+01 4.750494572146750016e+01 5.009573729684243659e+01
2.074700754411093939e+01 4.246854687515062210e+01 3.741699803342255848e+01
4.635754243648106865e+01 2.776287062947319129e+01 5.867843464581687840e+01
8.638556059232314510e+01 1.175318559620330916e+01 5.173791071541141662e+01
1.320681063451533177e+01 7.168596811925937118e+01 3.960597028072937320e+01
5.654213118585089859e+01 1.832798362140785997e+01 1.448477593433772270e+01
4.880562806489545835e+01 3.556127378499556357e+01 9.404319452528130796e+01
7.653252538069652644e+01 7.486636198505472350e+01 9.037197397459334525e+01
8.342243544201854988e+00 5.521924699224065591e+01 5.844760689557688949e+01
9.619363785472290829e+01 2.921475267925488595e+01 2.408287799154468090e+01
1.002939422654978152e+01 1.642962959147420410e+00 9.295293167921904853e+01
6.699165465909101158e+01 7.851529120231377590e+01 2.817301057539490827e+01
5.864101661863266912e+01 6.395526612098112906e+00 4.856275959346228888e+01
9.774951397444468171e+01 8.765052453165907309e+01 3.381589518368456027e+01
9.615701545414985674e+01 2.317016264712045270e+01 9.493188224156814670e+01
9.413777047064985481e+01 7.992025873523917312e+01 6.304479368667911388e+01
8.742879666249470461e+01 2.930202845077967311e+01 8.489435553129182210e+01
6.178766919175237859e+01 1.323685775889948957e+00 3.472335179322195842e+01
1.481408609481650274e+01 9.818293898182531620e+01 4.783703070399880630e+01
4.973913654986626653e+01 6.394725163987236272e+01 3.685846061296174980e+01
1.369002716855989377e+01 8.221177331942455169e+01 1.898479119027579642e+01
5.113189825464560556e+01 2.243170289747392587e+01 9.784448449403404524e+00
8.621915174216833577e+01 9.729194890231302395e+01 9.608346580630001199e+01
9.065554992211789909e+01 7.740473326986388258e+01 3.331451520286419310e+01
8.110138998799676813e+00 4.072411714138073080e+01 2.322341421709427323e+01
1.324876347579829705e+01 5.342718178682526187e+00 7.255943642105788172e+01
1.142745862503102838e+00 7.705807485027762027e+01 1.469466454003750577e+01
7.952208258675574903e+00 8.960303423860537464e+00 6.720478073539143793e+01
2.453672098528447520e+01 4.205394666800984282e+01 5.573687913239169234e+01
8.605511738287937362e+01 7.270442627113283152e+01 2.703279052387146209e+01
1.314827992911276056e+01 5.537432042119794673e+00 3.015986344809424935e+01
2.380771564155752663e-05
2.201530414057236995e-06
1.214813179784872209e-04
6.154590661994740477e-05
1.305934198019915917e-04
5.910976564339943560e-05
5.409282233836029416e-06
8.204162625376634299e-05
5.599905448568972168e-06
2.042587525352922479e-05
1.203405537459200519e-04
2.576021047265882323e-05
4.131601151957414226e-05
3.936527185702713781e-05
6.402864426339280374e-06
5.969300787198602123e-05
3.489321063367837922e-05
7.887443676345009082e-05
1.763107654348903815e-04
1.418210489273175566e-04
1.042939311642993662e-04
4.003838275496139778e-05
3.095650228359394872e-05
1.471865098703036348e-04
4.393640628290610897e-05
8.896367097327876412e-05
9.370998643924060081e-05
3.600112690558309115e-05
5.782216950281382821e-06
6.195931563895462396e-05
8.306622278012641225e-05
8.818216158270338436e-05
3.939931067150648518e-05
1.270198280798669057e-05
2.757772377408420131e-05
2.078811751238329942e-05
2.277216591043403372e-06
1.477149713832399131e-05
8.674805656462396004e-05
1.038331600354967972e-04
9.457473895345285041e-05
6.278336826514522434e-05
2.586053205970537550e-05
1.148151268343136183e-04
1.261792123433050751e-04
1.278638604999323553e-04
3.283094147908615469e-05
1.419146962272717274e-04
5.265579940101254854e-06
3.965596138208631792e-05
3.416038859984574775e-05
1.101510672640485075e-04
3.009570558733029515e-05
2.460317019441295679e-05
5.838006678676853237e-05
2.537598912421586947e-05
5.987228382744752569e-05
1.034209828079012198e-04
6.546856187856891758e-05
1.377912478357695757e-04
5.000034305618708671e-07
5.116304833178793299e-07
5.000000000000000833e-07
5.000000000020015162e-07
5.000000000000038949e-07
5.000000000000532346e-07
5.000000000000000833e-07
5.000000000102634756e-07
5.000000000000000833e-07
5.000000000000000833e-07
5.000000007281539681e-07
5.000000000009293843e-07
5.000000000000000833e-07
5.000000000000000833e-07
5.000000000000000833e-07
5.000000000000000833e-07
5.000000000000000833e-07
5.000000000000000833e-07
9.240881745696919721e-07
5.000000000000000833e-07
5.000000000000012479e-07
5.000000000000000833e-07
5.000000000000000833e-07
5.000000000000001891e-07
5.000000000000000833e-07
5.000000000000000833e-07
5.000000000000000833e-07
5.007900478642881050e-07
5.000000000000022008e-07
5.000000000000000833e-07
