60 3
20 20 20
2.894454096145167199e+01 2.589477871959566002e+01 2.718852466462154283e+01
3.001078952373143949e+01 2.917598661789821080e+01 2.281474022768946952e+01
2.712446228622242117e+01 2.466155499336175083e+01 2.476919563083012932e+01
2.591812616179377926e+01 2.532209121683755271e+01 2.825185441944622511e+01
2.670173208687047861e+01 2.527207360804137082e+01 2.599250836113158414e+01
2.574611847835538114e+01 2.834086237134028963e+01 2.454125217607383647e+01
2.570004066245103758e+01 2.309018386762840436e+01 1.929134122593033140e+01
2.646153561076258143e+01 2.693293810286138168e+01 2.334046856384867752e+01
3.007532563148076576e+01 2.174793948745482197e+01 2.510231915523563373e+01
2.458144418705211010e+01 2.842739851780423166e+01 2.828558609283251002e+01
2.534647297679690325e+01 2.584559710037305535e+01 2.301485071884359357e+01
2.057080444745979619e+01 2.422204478390866456e+01 2.534960692312851549e+01
2.775101359419167579e+01 2.768860307665786280e+01 2.413391090676716999e+01
2.432403049992838717e+01 2.265536429210101943e+01 2.182474336319878461e+01
2.118466386578094784e+01 2.936206639257230222e+01 2.386038307672222558e+01
2.402043608240164119e+01 2.219866441303204141e+01 2.673852128749065216e+01
2.139121470411982529e+01 2.452429827188921152e+01 2.299767589759296627e+01
2.586514028587777858e+01 2.385780498913986847e+01 2.236002617987823982e+01
2.493698262167734825e+01 2.595777917943565427e+01 2.514873703092323254e+01
2.567634772462951531e+01 2.358161267889937562e+01 2.418888609461522421e+01
6.199266545318604926e+01 6.339202937854077646e+01 6.136349927539476568e+01
5.727982950562226705e+01 6.579347383012988359e+01 6.320318102914963987e+01
5.770953135875227247e+01 6.706962516427262244e+01 6.094243836272939063e+01
6.523230687223659174e+01 6.826059211756502521e+01 6.557682911277872506e+01
7.009555476849722311e+01 5.947769105063457573e+01 6.679932651970365498e+01
6.193743616995929102e+01 6.110567675963257273e+01 6.241130560166760688e+01
6.360669471920201801e+01 6.525117904641049904e+01 5.978929150407071802e+01
6.902861852152378219e+01 6.708250573961142038e+01 5.812970937495853718e+01
7.165566614598030526e+01 7.347867415082089337e+01 7.027166250320206586e+01
6.419535167256618990e+01 6.021144870243264791e+01 6.971565148082012797e+01
6.319693787921428196e+01 7.046694055226925002e+01 6.593143401798427305e+01
6.936766255011495730e+01 6.659371897795730888e+01 6.815989127030917416e+01
6.504695752019382837e+01 7.298665564676913675e+01 6.556756813290409980e+01
6.679775108578844822e+01 7.342170594098779191e+01 5.897263824398838494e+01
5.931821835798436382e+01 6.933527387321167623e+01 5.975363264033742894e+01
7.369213818724111320e+01 6.315023968447405167e+01 6.165728046301835263e+01
7.359965817600267712e+01 7.162106343068259662e+01 7.335197757500529292e+01
6.905195489310865753e+01 6.114848164849772161e+01 7.354207015313878060e+01
6.380145248870724117e+01 6.858869409996043487e+01 6.923623958352507657e+01
6.430677378930064947e+01 6.774624643134821156e+01 6.912423361385314990e+01
1.002268873123011161e+01 9.194826137446735004e+01 7.142412995491113747e+01
9.988470065678664866e+01 1.494483046579937380e+01 8.681260573682142478e+01
1.624929346763748228e+01 6.155595642838441961e+01 1.238199828494415122e+01
8.480082293222343992e+01 8.073189587250107024e+01 5.691007386145933111e+01
4.071832972259996808e+01 6.916699545513804281e+00 6.974287731445636496e+01
4.535426826780688714e+01 7.220555994703478575e+01 8.663823259286292000e+01
9.755215050028857604e+01 8.558033423926110572e+01 1.171408418500197168e+00
3.599780644783638905e+01 7.299905624240579982e+01 1.716296772614405342e+01
5.210366062041293134e+01 5.433798833925362892e+00 1.999965248964000608e+01
1.852179446061397172e+00 7.936977033574206075e+01 2.239246880603801415e+01
3.453516806969027186e+01 9.280812934655908464e+01 7.044144019235328358e+01
3.183892953130784687e+00 1.646941564979127293e+01 6.214784014997635353e+01
5.772285886041675695e+01 2.378928213745086140e+01 9.342139979247937731e+01
6.139659559658959864e+01 5.356328030249583350e+01 5.899099763545709862e+01
7.301220295167696861e+01 3.119449954796018432e+01 3.982210622160918945e+01
2.098437489751221463e+01 1.861930058803361732e+01 9.443723899839335445e+01
7.395507950492876148e+01 4.904588086175670725e+01 2.274146279733232490e+01
2.543564817703929393e+01 5.802916032387561707e+00 4.344166255581207992e+01
3.117958819941025794e+01 6.963434888154594660e+01 3.777518392924809376e+01
1.796036775596348178e+01 2.467872839133122831e+00 6.724963146324858698e+00
2.287013749001421987e-04
1.700485851840055098e-05
1.185703323160112793e-03
5.984586217511774072e-04
1.274983322967591188e-03
5.745894124150642546e-04
4.843427923816963956e-05
7.992748418071748484e-04
5.030199767506825627e-05
1.955662415313215452e-04
1.174526162013683891e-03
2.478318391466216076e-04
4.002469395674005965e-04
3.811336723904045019e-04
5.816935679476449437e-05
5.803039958409886680e-04
3.373166000076388907e-04
7.682428491272534632e-04
1.722919999747828416e-03
1.384991172480630819e-03
1.274544182083807301e-04
4.875776483558999036e-05
3.763477830569127082e-05
1.799868839993192015e-04
5.353184916000411922e-05
1.086787606623293808e-04
1.144917861872731321e-04
4.381315643956821101e-05
6.802701452768181671e-06
7.560531496138008878e-05
1.014558912334684510e-04
1.077216110442780228e-04
4.797506457892921380e-05
1.527764919822341088e-05
3.349663665460108741e-05
2.518110120681464210e-05
2.509970238565790412e-06
1.781227626057536447e-05
1.059651982783482954e-04
1.268900911314943590e-04
3.333333333333334065e-07
3.333333333333334065e-07
3.333333333333334065e-07
3.333385752844562803e-07
3.333333333333334065e-07
3.333333677159332299e-07
3.333333333333334065e-07
3.333333333333334065e-07
3.333333333333334065e-07
3.333333333333334065e-07
3.333333333333334594e-07
3.333333333333334065e-07
3.333333333333334065e-07
2.969180157026971438e-06
3.333333333333334065e-07
3.333333333333334065e-07
3.333333333333334065e-07
3.333333333333334065e-07
3.333333333333334065e-07
3.333333333333334065e-07
