0.000039905515837
0.000036841155138
0.000042600483216
0.000040640003031
0.000042503176508
0.000041567206620
0.000037572628179
0.000042298435950
0.000036307823430
0.000038874642977
0.000042690700089
0.000038419123205
0.000041352156130
0.000040374611933
0.000035849869225
0.000040074462803
0.000039592888764
0.000041976836704
0.000042894100783
0.000042577142229
0.000024772437124
0.000018434690667
0.000019088901201
0.000028633789991
0.000016268524862
0.000022383116680
0.000024937972323
0.000017771134420
0.000012662738892
0.000017356353984
0.000024744437014
0.000023470032158
0.000021131745364
0.000013353210598
0.000019389444007
0.000009679327030
0.000008183348678
0.000010033194782
0.000024785926733
0.000026085639147
0.000000202384003
0.000000122208066
0.000000288448402
0.000000121711094
0.000000122253909
0.000000190435747
0.000000119851878
0.000000300031329
0.000000120749219
0.000000203254219
0.000000272326729
0.000000122120889
0.000000121258264
0.000003465483485
0.000000203988199
0.000000121847647
0.000000203500216
0.000000122036284
0.000000214505217
0.000000121345305
