0.000044000572075
0.000007410532769
0.000109232422607
0.000033207794978
0.000133626879664
0.000099038509152
0.000006809250966
0.000082497966246
0.000015472831163
0.000015813067683
0.000090015802538
0.000015927468085
0.000026950940538
0.000029282011977
0.000006679208129
0.000034435450486
0.000098771682804
0.000055856866247
0.000142052922220
0.000030166765314
0.000104661207275
0.000114355229823
0.000115383337055
0.000147457716317
0.000011674869222
0.000070175380245
0.000105878481302
0.000016961876583
0.000023160574623
0.000038079161354
0.000095776113931
0.000114998940094
0.000082136460425
0.000006814606162
0.000048837525154
0.000010647939880
0.000041723459066
0.000006599766403
0.000136280130990
0.000126108619164
0.000006705329934
0.000006951701891
0.000006833088456
0.000006720630084
0.000006781729851
0.000006878478806
0.000006610369086
0.000006733283050
0.000006723131815
0.000006631614622
0.000006792422730
0.000006741061449
0.000006779371749
0.000053796105333
0.000006806527168
0.000006653526690
0.000006670414629
0.000006610640496
0.000006823524394
0.000006958911349
