0.000038237372665
0.000009692432438
0.000086267532506
0.000029259619050
0.000093938282022
0.000070047460827
0.000009160785659
0.000088899273084
0.000014753820224
0.000016064871187
0.000090706627241
0.000034196403114
0.000041679552837
0.000021900732854
0.000009043776315
0.000033578458606
0.000076169355726
0.000057036594228
0.000087329788698
0.000039283614610
0.000078855486601
0.000090231937134
0.000091300137165
0.000116634451851
0.000014847978199
0.000053885544664
0.000080546483498
0.000016833810229
0.000024325200928
0.000033571390443
0.000094401625081
0.000082985450864
0.000086667053397
0.000009165588084
0.000039097214776
0.000009046370595
0.000040578358354
0.000008971922988
0.000091166002139
0.000093933243834
0.000009067340590
0.000009288107953
0.000009182152955
0.000009081128523
0.000009136085422
0.000009222771100
0.000008981529491
0.000009092523009
0.000009083381995
0.000009000763449
0.000009145686257
0.000009099524216
0.000009133967470
0.000048907307177
0.000009158342533
0.000009020579325
0.000009035836860
0.000008981775333
0.000009173582973
0.000009294528506
