0.000029350597598
0.000022334794480
0.000042047339333
0.000056678895057
0.000046531565245
0.000041506902734
0.000022136429096
0.000052476129294
0.000056380435507
0.000024772970391
0.000056247977224
0.000044755829771
0.000028666071190
0.000055222376528
0.000045730371153
0.000036120663193
0.000044777686944
0.000039350851482
0.000054028052304
0.000036512763473
0.000021069931961
0.000016749811585
0.000018548890543
0.000017755438741
0.000011659244703
0.000022178186711
0.000022209985573
0.000017439891171
0.000004849149731
0.000016856623681
0.000022848340483
0.000016311782580
0.000013184190591
0.000017985293255
0.000015994291477
0.000007383949034
0.000002065741624
0.000008821804697
0.000010430326007
0.000020448726120
0.000000049314180
0.000000033375321
0.000000054449686
0.000000058741222
0.000000050611255
0.000000049820441
0.000000038661478
0.000000119257995
0.000000288827537
0.000000054798280
0.000000030810284
0.000000069319572
0.000000119661562
0.000004121656422
0.000000026731345
0.000000076366465
0.000000084712597
0.000000045945372
0.000000019364384
0.000000057458631
