0.000018320674938
0.000014927511057
0.000025870247278
0.000035344221226
0.000028550608520
0.000025608962740
0.000019403776593
0.000035039658414
0.000037038185208
0.000015109054099
0.000036948662847
0.000027626987028
0.000017539081823
0.000035070074156
0.000028331108485
0.000024184058846
0.000027643219363
0.000025499279655
0.000034441008782
0.000022337185005
0.000020604940672
0.000015482569440
0.000015545890143
0.000012928592870
0.000013463628548
0.000016358853698
0.000020266643778
0.000016046277648
0.000004298668517
0.000014033222098
0.000017660450440
0.000013766773399
0.000009695280732
0.000016271512845
0.000011417894712
0.000010168842516
0.000002100619524
0.000006715120773
0.000007300332928
0.000014541540835
0.000000062951511
0.000000085519119
0.000000130493956
0.000000066970495
0.000000081702345
0.000000085889770
0.000000100033103
0.000000218499627
0.000000227939824
0.000000085313591
0.000000052052946
0.000000118161996
0.000000159792728
0.000006465097551
0.000000052506460
0.000000086684132
0.000000148244379
0.000000106763911
0.000000027167331
0.000000085838752
