0.000063294457407
0.000051047577767
0.000069746920657
0.000065043537626
0.000069509949584
0.000067456321048
0.000053978847792
0.000069212567447
0.000052131287221
0.000059262058087
0.000069989849426
0.000056345379090
0.000066947545528
0.000064234744718
0.000055279161922
0.000061746335482
0.000060537655008
0.000068084742719
0.000070470278488
0.000069524018367
0.000028816854444
0.000022806312903
0.000020260589550
0.000040401828711
0.000012383106631
0.000023722872655
0.000028422012052
0.000014741346552
0.000011052309179
0.000019193125168
0.000031935085421
0.000026588693002
0.000026471899697
0.000014433519509
0.000023586445662
0.000008690248506
0.000006054058134
0.000010843862747
0.000028738052246
0.000033877907071
0.000000085365909
0.000000047693819
0.000000161113607
0.000000047403187
0.000000173586247
0.000000083236770
0.000000046321174
0.000000159509496
0.000000133998979
0.000000148755066
0.000000121823582
0.000000137974155
0.000000108399548
0.000002846685168
0.000000113744488
0.000000137777073
0.000000086407829
0.000000175984583
0.000000155090791
0.000000104725138
