0.000024333638774
0.000013760218595
0.000075989181386
0.000052715415706
0.000101687328885
0.000092561612179
0.000004709826275
0.000072477108916
0.000012880328605
0.000010892638355
0.000090025520823
0.000014925090762
0.000025022719385
0.000041730968578
0.000029377554798
0.000021093951373
0.000071664789088
0.000084815801972
0.000109615454043
0.000028745692939
0.000062256551868
0.000033113606241
0.000026629127230
0.000122597233926
0.000015494483897
0.000074881714871
0.000078294107664
0.000034418020037
0.000053015873777
0.000030589843854
0.000087653884829
0.000079536637339
0.000078799118295
0.000008738162906
0.000064910090972
0.000007651975166
0.000040900512038
0.000013685751758
0.000087817837931
0.000081772195635
0.000000993036194
0.000009701967606
0.000002220649990
0.000001005317763
0.000003382945032
0.000002054637796
0.000004397977428
0.000002049925391
0.000004127253062
0.000001928531574
0.000001027333460
0.000003893119785
0.000010068455358
0.000029327379027
0.000002369845077
0.000004058396366
0.000005127876138
0.000004644326620
0.000008053948961
0.000007956439907
