0.000025964685634
0.000004779072633
0.000080849021492
0.000031528461433
0.000126162527468
0.000122330604302
0.000003500833914
0.000094370609858
0.000009931975609
0.000010721905302
0.000062703624839
0.000014726495226
0.000025961060489
0.000050934005598
0.000020769702139
0.000021620383570
0.000082521444753
0.000083881848030
0.000116985467463
0.000028859374111
0.000085960459514
0.000040463697135
0.000032579616409
0.000118206164436
0.000011877080827
0.000079483067112
0.000103883859002
0.000038173279139
0.000045710295993
0.000031361505377
0.000112616329029
0.000087883317898
0.000090464291126
0.000006845792535
0.000063189311364
0.000009446265196
0.000042480176442
0.000013622510244
0.000071737582546
0.000086037341053
0.000000734353723
0.000007261455928
0.000001652542479
0.000000744001011
0.000002511165149
0.000001532379193
0.000003236893456
0.000001518030571
0.000003054816629
0.000001420910377
0.000000762991748
0.000002884080429
0.000007472963095
0.000031269260867
0.000001761281023
0.000002993449485
0.000003785488886
0.000003418252238
0.000005990714573
0.000005957070328
