0.001598458989191 2
0.001299698092621 2
0.002104833253610 1
0.004056304052073 5
0.005474506796858 9
0.003297372565520 5
0.000456336562919 1
0.003597064927579 2
0.001005194877706 2
0.000833263782447 2
0.001872987344379 1
0.002085360007621 6
0.000767203649798 2
0.002113415376645 6
0.000532365516249 1
0.001183362349642 2
0.004830821541310 13
0.002294092288260 3
0.005218646810047 12
0.005368595915782 4
0.008452315418128 5
0.004248069655190 8
0.003082062426910 8
0.002389082239662 4
0.003438073700124 4
0.004108747471892 1
-0.002959086369408 0
0.001560670313794 1
0.000347972951099 1
0.001694635377901 2
0.002473871481999 2
0.005583484446275 11
0.001816627768323 5
0.000406016811473 2
-0.002067687347314 0
0.002262317353556 4
0.000559375510600 2
0.001783210185273 3
0.003319997455770 4
-0.010299714109081 0
0.003072725877654 3
0.003951310999178 6
0.001508179494231 3
0.004468623643824 9
0.005175765764341 5
0.004827326393225 4
0.002434305456079 4
0.002978627497008 2
0.001018345832190 2
0.003663234560296 3
0.001144615227938 5
0.003824444861260 8
0.003026128012176 7
0.002201191943272 3
0.003572753489814 5
0.002059574883217 3
0.002501711869709 3
0.005485279607117 8
-0.002070533155827 0
0.002503952311377 5
0.000436882750231 1
0.000905725152310 1
0.000405038088926 1
0.000438494137669 1
0.000480911161307 1
0.000299703904754 1
0.000242540322695 1
0.000360419353082 1
0.000406400776221 1
0.000545763651570 1
0.000051032952072 1
0.000226317402934 1
0.000059094628343 1
0.000464552061148 1
0.000079784699481 1
0.000311421360304 1
0.000499812569963 1
0.000302107896197 1
0.000167954885994 1
0.000545182532402 1
0.000578364083173 1
0.000265977091206 1
0.000059094628343 1
0.000333550513360 1
0.000545763651570 1
0.000438494137669 1
0.000494215075040 1
0.000476882361687 1
0.000058546450883 1
0.000268727714991 1
