0.000023889930976
0.000022529576372
0.000024954196451
0.000024861536599
0.000025038520816
0.000024968073903
0.000023963709890
0.000024682545643
0.000022872715612
0.000024569562396
0.000024840233607
0.000023039895009
0.000024579276895
0.000024422720340
0.000023070038488
0.000024681683692
0.000023599870525
0.000024681766704
0.000025216907737
0.000024795748039
0.000024569016923
0.000023512567775
0.000023582222673
0.000025187347686
0.000024419822536
0.000024474651814
0.000024710730797
0.000024398123076
0.000023813225310
0.000024771229719
0.000008930118936
0.000010170038027
0.000011258843230
0.000012028016667
0.000003624037185
0.000004179735434
0.000003642801678
0.000009835362475
0.000009185335692
0.000010780108821
0.000012304628582
0.000008322682312
0.000008296526562
0.000012364500538
0.000007733722982
0.000012005526298
0.000011995733730
0.000012438217452
0.000001266936866
0.000008783534756
0.000010788897325
0.000005210664478
0.000008735115803
0.000008095115299
0.000010178134558
0.000010154865711
0.000008620607970
0.000012598887498
0.000004866135381
0.000007316756855
0.000024408761262
0.000023985166287
0.000024505804018
0.000024104326584
0.000024437718805
0.000024450194510
0.000023808276446
0.000024415996008
0.000024277867301
0.000024577662115
0.000024366091950
0.000024518635754
0.000024023938864
0.000024515189014
0.000024377193863
0.000024576499351
0.000024427978127
0.000024552225573
0.000024211794419
0.000024217462602
0.000024584898786
0.000024362115179
0.000024222036155
0.000024422132547
0.000024515407023
0.000024306253560
0.000024291346681
0.000024573993025
0.000024300579133
0.000024580226517
0.000016806630804
0.000019868623031
0.000018778826949
0.000007118417516
0.000018627992717
0.000018553477853
0.000017714783120
0.000018568988104
0.000020159069353
0.000019016899525
0.000016173221043
0.000019026655270
0.000016632307292
0.000020349105367
0.000018077328742
0.000020437913642
0.000020355654420
0.000018809443250
0.000018054582878
0.000006264891612
0.000017473736013
0.000016489329987
0.000012502603693
0.000010136832906
0.000018920235694
0.000020282898897
0.000018752136326
0.000015419180856
0.000018655674452
0.000019622370102
0.000000101757560
0.000000117554867
0.000000078610810
0.000000135240931
0.000000026210670
0.000000184631502
0.000000064733544
0.000000109098981
0.000000185061264
0.000000176690026
0.000000250656837
0.000000151247347
0.000000091835972
0.000000153461072
0.000000132396773
0.000000139649954
0.000000122212744
0.000000084616762
0.000000156257114
0.000000083642664
0.000000166965510
0.000002717027450
0.000000131810011
0.000000054317190
0.000000160233640
0.000000024682152
0.000000230311290
0.000000167810143
0.000000119304111
0.000000100153764
0.000000127621988
0.000000104136512
0.000000122587078
0.000000015887325
0.000000080779376
0.000000080154821
0.000000128781670
0.000000047059588
0.000000069034893
0.000000032485324
0.000000127964615
0.000000156852554
0.000000137858267
0.000000082964493
0.000000125866233
0.000000136699516
0.000000178778854
0.000000101458803
0.000000195069063
0.000000159201980
0.000001590360737
0.000000095446840
0.000000094409793
0.000000175011859
0.000000153518497
0.000000074915026
0.000000128914887
0.000000078254097
0.000000150509558
0.000000758748157
