0.000969669115212 1
0.001912860053676 1
0.001361428589787 1
0.002558179712703 1
0.006615785648805 2
0.001769587349635 2
0.001696001668961 1
0.007845949961757 3
0.001386705411224 1
0.002430083404715 2
0.004742227560996 2
0.000490881200245 1
0.001908742946360 1
0.004297735336230 4
0.001576892849067 1
0.003093131395505 2
0.003251788064992 5
0.003908743281774 1
0.009187949557324 5
0.006908115400990 2
0.013772829826951 4
0.001048317743530 2
0.001252721952518 3
0.004395421845689 3
0.004256847967724 2
0.005810571232062 3
0.002533144407558 3
0.003362495974658 1
0.001636936265030 1
0.005291890700552 3
0.003188565335479 3
0.006109568946746 1
0.158115359145401 1
0.001839021710013 1
0.002284019228455 5
0.001461873787825 1
0.001327692812657 1
0.001704639833518 1
0.008221897014638 6
0.003726507515398 3
0.003044989039115 1
0.002565937325389 1
0.001348642449348 1
0.008000872116031 3
0.006295423841898 1
0.002481937064668 1
0.002923321177430 2
0.006389977235413 2
0.001658866983574 1
0.008867728813952 3
0.158115359145401 1
0.010976787790402 4
0.007620956347920 2
0.001831506431245 2
0.005005021961528 3
0.002056624677256 2
0.013275664935598 3
0.002509699269385 4
0.004714822666235 2
0.004295235045670 3
0.001019403246856 1
0.000689796274668 1
0.001894981313107 1
0.002097557678608 1
0.002353807214224 1
0.001409595456481 1
0.001163507448106 1
0.001951229433894 1
0.001926333907288 1
0.002583746718599 1
0.000230823049151 1
0.001206996313783 1
0.000257765195329 1
0.002188116532991 1
0.000376394139521 1
0.001459585548386 1
0.002297933485692 1
0.000938710638765 1
0.000145731450057 1
0.001818958022930 1
0.002751413637297 1
0.001334023739797 1
0.000257765195329 1
0.001578983496177 1
0.002583746718599 1
0.002097557678608 1
0.002339706161710 1
0.001936914753469 1
0.000257765195329 1
0.001272207025527 1
