0.002381510256097 1
0.002381510256097 1
0.002381510256097 1
0.005012263854746 1
0.006168161922762 2
0.002381510256097 1
0.002381510256097 1
0.005157001468194 1
0.002381510256097 1
0.002381510256097 1
0.002381510256097 1
0.002381510256097 1
0.002381510256097 1
0.002381510256097 1
0.002381510256097 1
0.003823299111170 2
0.002381510256097 1
0.004721590307591 1
0.009359355195402 2
0.004721590307591 1
0.012344375948932 1
0.006379615258416 2
0.005023358206291 1
0.009359355195402 2
0.004783361367126 1
0.002381510256097 1
0.002381510256097 1
0.004985406761148 1
0.002381510256097 1
0.003823299111170 2
0.002381510256097 1
0.011734948328869 2
0.004624865507308 1
0.002381510256097 1
0.002381510256097 1
0.002381510256097 1
0.002381510256097 1
0.002381510256097 1
0.010694181913851 2
0.010694181913851 2
0.008818997045266 2
0.002381510256097 1
0.002381510256097 1
0.008818997045266 2
0.015775385500531 2
0.005157001468194 1
0.002381510256097 1
0.005012263854746 1
0.002381510256097 1
0.007918739052372 1
0.004624865507308 1
0.015949657755766 2
0.006310418098000 2
0.002381510256097 1
0.004985406761148 1
0.002381510256097 1
0.005414441441855 1
0.002381510256097 1
0.002381510256097 1
0.004897427361913 1
0.002381510256097 1
0.002381510256097 1
0.002381510256097 1
0.002381510256097 1
0.002381510256097 1
0.002381510256097 1
0.002381510256097 1
0.002381510256097 1
0.002381510256097 1
0.002381510256097 1
0.002381510256097 1
0.002381510256097 1
0.002381510256097 1
0.002381510256097 1
0.002381510256097 1
0.002381510256097 1
0.002381510256097 1
0.002381510256097 1
0.002381510256097 1
0.002381510256097 1
0.002381510256097 1
0.002381510256097 1
0.002381510256097 1
0.002381510256097 1
0.002381510256097 1
0.002381510256097 1
0.002381510256097 1
0.002381510256097 1
0.002381510256097 1
0.002381510256097 1
