0.000760545093202 1
0.001401903701731 1
0.002305255060571 2
0.003298461321351 1
0.009258854913527 2
0.001208546198532 2
0.001362208917080 1
0.005462944266398 3
0.001062039007490 1
0.001584932315861 2
0.002955382668220 2
0.000399086792732 1
0.001489380827670 2
0.004157680581728 5
0.001122407635658 1
0.003662100989812 2
0.005256541777587 7
0.005419442699132 2
0.009884474718743 6
0.007061566877850 3
0.019303304430323 4
0.001671674943680 2
0.001397230586178 4
0.004785943227609 3
0.003665649197342 2
0.007841101614028 5
0.002345361137043 4
0.006329154206880 2
0.001140200564145 1
0.006279870580524 4
0.002155156083576 3
0.008049858286505 2
-0.007617743017426 0
0.000657504288998 1
0.002505586758839 5
0.001062039007490 1
0.001024489132233 1
0.002436227392638 2
0.007161272189002 7
0.003514408776309 3
0.004081913745875 1
0.002813657562172 2
0.000892741477081 1
0.005294040581091 2
0.009485313340008 4
0.002836275816573 2
0.002282411593664 3
0.008033840689687 4
0.001279760257446 1
0.008077421903292 3
0.002295413720808 3
0.013433220914551 4
0.006930078734274 2
0.000837708067522 1
0.008868178950943 5
0.001354103188358 2
0.016510295875288 4
0.001930932474313 4
0.005807295460762 3
0.004383429064460 4
0.000713094368937 1
0.000478808930433 1
0.001321527461566 1
0.001462881600772 1
0.001641472913751 1
0.000985646382704 1
0.000809745369884 1
0.001360823552218 1
0.001344714478719 1
0.001803050442622 1
0.000161158991842 1
0.000844119500543 1
0.000180535301964 1
0.001530352025611 1
0.000261968598282 1
0.001000400333701 1
0.001605709223095 1
0.000651833466154 1
0.000407965398890 1
0.001267733618961 1
0.001921460778472 1
0.000924031935380 1
0.000180535301964 1
0.001102992434965 1
0.001803050442622 1
0.001462881600772 1
0.001632748365043 1
0.001347211593344 1
0.000192629590248 1
0.000887801201245 1
