0.000005647013606
0.000005550178872
0.000005722170204
0.000005718261241
0.000005730654047
0.000005835958640
0.000005647053347
0.000005829813998
0.000005561522840
0.000005807765201
0.000005840948454
0.000005694696557
0.000005691063124
0.000005690500965
0.000005714425236
0.000005698935534
0.000005736931545
0.000005717993938
0.000005850304623
0.000005733210090
0.000005814953607
0.000005736303364
0.000005741894217
0.000005849973509
0.000005686757775
0.000005699122354
0.000005827519302
0.000005694268912
0.000005633925269
0.000005707958556
0.000004248293535
0.000004537645304
0.000004557918257
0.000004737733874
0.000002542959736
0.000002897164249
0.000002823709024
0.000004471060360
0.000004450708488
0.000004525396638
0.000004809467444
0.000003780780160
0.000004172816852
0.000004819020056
0.000003711465892
0.000004878954530
0.000004757041796
0.000004731000518
0.000001914973690
0.000004191264114
0.000004527958652
0.000003263800203
0.000004173267670
0.000004139891648
0.000004522226849
0.000004619367084
0.000004193804991
0.000004839222855
0.000002988964262
0.000003693331460
0.000005619700805
0.000005583557553
0.000005627931502
0.000005593897496
0.000005622176041
0.000005623248921
0.000005568772525
0.000005620339031
0.000005608612217
0.000005634067510
0.000005616153239
0.000005629049214
0.000005586954817
0.000005628781809
0.000005617037347
0.000005634014316
0.000005621342376
0.000005631902941
0.000005602886383
0.000005603315494
0.000005634682436
0.000005615756549
0.000005603931163
0.000005620789906
0.000005628808660
0.000005611056260
0.000005609656870
0.000005633759225
0.000005610397986
0.000005634329180
0.000005297721611
0.000005474380952
0.000005370038580
0.000004432075425
0.000005290268682
0.000005390180461
0.000005334817373
0.000005257068168
0.000005484425802
0.000005430125995
0.000005073653472
0.000005331520363
0.000005100083469
0.000005507068996
0.000005307441462
0.000005517511451
0.000005515821514
0.000005295746067
0.000005303671765
0.000003969441653
0.000005355992156
0.000005193531060
0.000004805006303
0.000004946253217
0.000005537903958
0.000005521036207
0.000005409815162
0.000004922783802
0.000005289348304
0.000005490116806
0.000000188574870
0.000000432729378
0.000000310529523
0.000000365234724
0.000000188574870
0.000000710643956
0.000000188574870
0.000000304308408
0.000000464286348
0.000000532946665
0.000000309556778
0.000000446423860
0.000000297848516
0.000000365234724
0.000000295631831
0.000000303911728
0.000000434259449
0.000000310213920
0.000000656934459
0.000000440055657
0.000000638630619
0.000004591586787
0.000000295631831
0.000000188574870
0.000000188574870
0.000000188574870
0.000000315210180
0.000000605502819
0.000000303911728
0.000000311019839
0.000000188574870
0.000000188574870
0.000000188574870
0.000000188574870
0.000000188574870
0.000000188574870
0.000001276013587
0.000000188574870
0.000000188574870
0.000000188574870
0.000000439831475
0.000000432164594
0.000000188574870
0.000000330782011
0.000000188574870
0.000000188574870
0.000000453827328
0.000000331129458
0.000000661054988
0.000000593454117
0.000001906869684
0.000000433378467
0.000000525096538
0.000001693376432
0.000000311019839
0.000000188574870
0.000000188574870
0.000000188574870
0.000000310213920
0.000002545419170
