0.003126601613565
0.003126601613565
0.003126601613565
0.005134839344509
0.004986248225734
0.003126601613565
0.003126601613565
0.005233221057822
0.003126601613565
0.003126601613565
0.003126601613565
0.003126601613565
0.003126601613565
0.003126601613565
0.003126601613565
0.003126601613565
0.003126601613565
0.004934348023082
0.005543876322490
0.004934348023082
0.009364480077720
0.005142413662134
0.005142413662134
0.005543876322490
0.004977291060039
0.003126601613565
0.003126601613565
0.005116480333322
0.003126601613565
0.003126601613565
0.003126601613565
0.007265613122905
0.004866726966689
0.003126601613565
0.003126601613565
0.003126601613565
0.003126601613565
0.003126601613565
0.005801714813823
0.005801714813823
0.005429240004963
0.003126601613565
0.003126601613565
0.005429240004963
0.007816157376694
0.005233221057822
0.003126601613565
0.005134839344509
0.003126601613565
0.006965328413441
0.004866726966689
0.007984625361058
0.005114638966967
0.003126601613565
0.005116480333322
0.003126601613565
0.005405966510737
0.003126601613565
0.003126601613565
0.005056106879341
0.003126601613565
0.003126601613565
0.003126601613565
0.003126601613565
0.003126601613565
0.003126601613565
0.003126601613565
0.003126601613565
0.003126601613565
0.003126601613565
0.003126601613565
0.003126601613565
0.003126601613565
0.003126601613565
0.003126601613565
0.003126601613565
0.003126601613565
0.003126601613565
0.003126601613565
0.003126601613565
0.003126601613565
0.003126601613565
0.003126601613565
0.003126601613565
0.003126601613565
0.003126601613565
0.003126601613565
0.003126601613565
0.003126601613565
0.003126601613565
