0.002607709164828 1
0.002607709164828 1
0.002607709164828 1
0.006675943140313 2
0.004158727846854 1
0.002607709164828 1
0.002607709164828 1
0.006950882436514 2
0.002607709164828 1
0.002607709164828 1
0.002607709164828 1
0.002607709164828 1
0.002607709164828 1
0.002607709164828 1
0.002607709164828 1
0.004122275410138 2
0.002607709164828 1
0.004115441029140 1
0.007885993466418 2
0.004115441029140 1
0.007810346037234 1
0.006696758037875 2
0.006696758037875 2
0.007885993466418 2
0.004151257217091 1
0.002607709164828 1
0.002607709164828 1
0.004267346565350 1
0.002607709164828 1
0.004122275410138 2
0.002607709164828 1
0.009009103341285 2
0.004059042398842 1
0.002607709164828 1
0.002607709164828 1
0.002607709164828 1
0.002607709164828 1
0.002607709164828 1
0.008742820836333 2
0.008742820836333 2
0.007528847823587 2
0.002607709164828 1
0.002607709164828 1
0.007528847823587 2
0.011390805332112 2
0.006950882436514 2
0.002607709164828 1
0.006675943140313 2
0.002607709164828 1
0.005809358845387 1
0.004059042398842 1
0.011453225764498 2
0.004265810793124 1
0.002607709164828 1
0.004267346565350 1
0.002607709164828 1
0.008016002224602 2
0.002607709164828 1
0.002607709164828 1
0.004216992721555 1
0.002607709164828 1
0.002607709164828 1
0.002607709164828 1
0.002607709164828 1
0.002607709164828 1
0.002607709164828 1
0.002607709164828 1
0.002607709164828 1
0.002607709164828 1
0.002607709164828 1
0.002607709164828 1
0.002607709164828 1
0.002607709164828 1
0.002607709164828 1
0.002607709164828 1
0.002607709164828 1
0.002607709164828 1
0.002607709164828 1
0.002607709164828 1
0.002607709164828 1
0.002607709164828 1
0.002607709164828 1
0.002607709164828 1
0.002607709164828 1
0.002607709164828 1
0.002607709164828 1
0.002607709164828 1
0.002607709164828 1
0.002607709164828 1
0.002607709164828 1
