0.002033093243938 1
0.002033093243938 1
0.003161091228551 1
0.005238486831470 2
0.004494828622809 1
0.002033093243938 1
0.002033093243938 1
0.005754593972418 2
0.002033093243938 1
0.002033093243938 1
0.002033093243938 1
0.002033093243938 1
0.002033093243938 1
0.002033093243938 1
0.002033093243938 1
0.003234715648303 1
0.003193788748082 1
0.003231527377400 1
0.006579888026160 2
0.003231527377400 1
0.013860458298976 3
0.006748172828865 2
0.003441512360827 1
0.006579888026160 2
0.003240390780624 1
0.003165614883122 1
0.002033093243938 1
0.005722465799165 2
0.002033093243938 1
0.003234715648303 1
0.002033093243938 1
0.007420600366774 2
0.003175251517216 1
0.002033093243938 1
0.003245814583857 2
0.002033093243938 1
0.002033093243938 1
0.002033093243938 1
0.007067372188155 2
0.007067372188155 2
0.006331176472464 2
0.002033093243938 1
0.002033093243938 1
0.006331176472464 2
0.009438837333002 2
0.005754593972418 2
0.002033093243938 1
0.005238486831470 2
0.002033093243938 1
0.006593458769879 2
0.003175251517216 1
0.009459164290123 2
0.004588814856940 2
0.002033093243938 1
0.005722465799165 2
0.002033093243938 1
0.006673418569189 2
0.002033093243938 1
0.003245814583857 2
0.003294398204150 1
0.002033093243938 1
0.002033093243938 1
0.002033093243938 1
0.002033093243938 1
0.002033093243938 1
0.002033093243938 1
0.002033093243938 1
0.002033093243938 1
0.002033093243938 1
0.002033093243938 1
0.002033093243938 1
0.002033093243938 1
0.002033093243938 1
0.002033093243938 1
0.002033093243938 1
0.002033093243938 1
0.002033093243938 1
0.002033093243938 1
0.002033093243938 1
0.002033093243938 1
0.002033093243938 1
0.002033093243938 1
0.002033093243938 1
0.002033093243938 1
0.002033093243938 1
0.002033093243938 1
0.002033093243938 1
0.002033093243938 1
0.002033093243938 1
0.002033093243938 1
