0.000550825228256 1
0.001353375046388 2
0.001598849294526 1
0.000931886146058 1
0.005539421050990 4
0.002044548586363 2
0.000550825228256 1
0.002845759378902 2
0.000550825228256 1
0.000890717036152 1
0.002382269257097 2
0.000869577426894 1
0.000550825228256 1
0.000550825228256 1
0.000550825228256 1
0.001755167951372 2
0.003627710708869 3
0.002142896006359 2
0.002699808430752 2
0.003222636990530 3
0.008582298723925 4
0.004377079502672 4
0.003733220063513 3
0.002699324775481 2
0.001267284178408 1
0.005255421610411 3
0.001483015934678 2
0.001945217148251 2
0.000550825228256 1
0.001755167951372 2
0.001965460965252 2
0.004234546161435 3
0.002582510576681 3
0.000550825228256 1
0.001891776752018 2
0.000550825228256 1
0.000550825228256 1
0.000550825228256 1
0.003931640114240 3
0.003378998217443 2
0.002944566513779 2
0.001978973246548 2
0.001778600362073 2
0.002996776059865 2
0.007145936236192 3
0.003111627453944 2
0.002325314221417 3
0.002301885430498 2
0.001353375046388 2
0.004108346551871 4
0.000901422145337 1
0.007080079016302 3
0.003143326762599 3
0.000550825228256 1
0.001945217148251 2
0.001849025187939 2
0.002473087772079 2
0.004641010525422 4
0.002044969910059 2
0.003329579976846 2
0.000550825228256 1
0.000550825228256 1
0.000550825228256 1
0.000550825228256 1
0.000550825228256 1
0.000550825228256 1
0.000550825228256 1
0.000550825228256 1
0.000550825228256 1
0.000550825228256 1
0.000550825228256 1
0.000550825228256 1
0.000550825228256 1
0.000550825228256 1
0.000550825228256 1
0.000550825228256 1
0.000550825228256 1
0.000550825228256 1
0.000550825228256 1
0.000550825228256 1
0.000550825228256 1
0.000550825228256 1
0.000550825228256 1
0.000550825228256 1
0.000550825228256 1
0.000550825228256 1
0.000550825228256 1
0.000550825228256 1
0.000550825228256 1
0.000550825228256 1
