0.000065940411871 17
0.000071886240035 21
0.000110533935727 25
0.000078779660515 29
0.000111887776904 25
0.000086915828585 30
0.000025912857647 12
0.000094709555142 27
0.000064602031370 20
0.000070575191069 24
0.000091683641326 17
0.000044054830824 31
0.000047801699041 35
0.000068769982985 26
0.000055258902333 20
0.000090516403546 22
0.000049022534204 31
0.000088774667133 29
0.000099525560090 23
0.000101065317911 29
0.000077724987431 25
0.000045424903504 30
0.000046037582547 30
0.000099278692305 23
0.000059580262341 22
0.000083791949511 28
0.000092050145463 30
0.000104493680766 29
0.000047828369857 19
0.000057563471584 31
0.000003342902034 14
0.000004544251651 21
0.000002849339456 28
0.000007527287072 10
0.000000415346437 18
0.000000448336578 10
0.000000691804699 13
0.000003767065866 19
0.000003665775135 13
0.000004012440816 11
0.000008293641976 10
0.000002295439040 14
0.000003310233239 14
0.000007127395809 10
0.000001158362093 24
0.000009690055373 16
0.000007877377149 10
0.000007065598719 10
0.000000151396690 7
0.000002988780552 16
0.000001560960267 48
0.000000866416065 23
0.000002916818044 16
0.000003546563148 13
0.000004451100759 21
0.000005536041081 21
0.000003218791391 17
0.000010075496931 17
0.000000590191553 22
0.000001296548004 25
0.000000046940054 8
0.000000030706891 1
0.000000026254377 1
0.000000035341057 1
0.000000085154790 23
0.000001175340589 5
0.000000049254302 3
0.000000028874930 2
0.000000072352085 3
0.000000019101349 1
0.000000017646164 6
0.000000049188999 5
0.000000053373356 2
0.000000036435507 2
0.000000042122187 7
0.000000033869556 2
0.000000039634106 6
0.000000043014807 2
0.000000118287706 5
0.000000060193758 2
0.000000004860892 3
0.000000028058031 2
0.000000080920501 4
0.000000040345592 9
0.000000126268071 3
0.000000052582773 2
0.000000062556816 4
0.000001154730891 4
0.000000068969497 3
-0.000000146105451 0
