0.000023938624579 42
0.000020451776832 42
0.000023036641452 39
0.000023248600235 42
0.000023013734087 39
0.000020726906174 39
0.000025543430765 35
0.000024254910563 34
0.000020835506707 40
0.000025708369857 35
0.000032315047389 30
0.000019134467340 38
0.000023964547414 36
0.000017584984719 38
0.000013774174427 29
0.000019430021626 41
0.000023136610009 30
0.000026027230611 35
0.000024858988342 43
0.000018899244005 41
0.000024047965113 34
0.000024762800731 32
0.000027705786556 30
0.000024817362434 43
0.000025471979089 34
0.000023481191095 34
0.000012385330132 42
0.000028595866369 30
0.000021130222618 43
0.000021146911787 41
0.000005976443977 47
0.000006292004088 49
0.000003929916719 67
0.000006605294649 11
0.000001531564662 24
0.000001593372508 62
0.000001178867190 57
0.000007803977796 49
0.000005626797661 41
0.000004729451986 51
0.000010209992960 43
0.000004301111202 56
0.000003523338193 43
0.000010295693300 43
0.000002690669452 29
0.000007629742405 29
0.000006183750864 15
0.000010559054568 43
0.000001440138000 62
0.000002473737686 47
0.000006482572493 55
0.000002333728497 28
0.000002484632792 47
0.000004914297010 37
0.000006317583817 28
0.000007836786010 45
0.000004064056375 55
0.000006687575196 11
0.000002239926877 29
0.000003227382227 31
0.000011259435895 44
0.000005915591425 62
0.000006945918806 56
0.000018356123259 35
0.000007584602679 47
0.000012082162303 37
0.000023107562594 43
0.000012083522503 37
0.000018868161082 35
0.000007654436361 45
0.000021932417475 41
0.000006152366916 48
0.000015659630746 44
0.000018072135847 43
0.000019675560558 43
-0.000013313091916 0
0.000008442098103 51
0.000011378919905 44
0.000017282437713 42
0.000008230572872 42
0.000005225449539 51
0.000008432911683 51
0.000014748055947 60
0.000009017111854 52
0.000008618459620 39
0.000015687365457 40
0.000010261044075 54
0.000006162295121 48
0.000018896105470 40
0.000006963717493 35
0.000017599567559 32
0.000018638749361 40
0.000017458361326 41
0.000007714528792 38
0.000010644206946 44
0.000018324283218 38
0.000018790281606 38
0.000012316924587 36
0.000014588441502 40
0.000019435625551 40
0.000008133763843 21
0.000018542493083 42
0.000012491716975 28
0.000017535476388 38
0.000016249835526 31
0.000018035729530 37
0.000019436589846 35
0.000016736786672 40
0.000018067839239 33
0.000007095562121 36
0.000015556183777 34
0.000009820500666 35
0.000010983881319 45
0.000007122707758 44
0.000015355262048 47
0.000016579800640 37
0.000017062568396 37
0.000011414141438 45
0.000015881668490 39
0.000020277998531 37
0.000000060421689 27
0.000000103775412 16
0.000000088848043 13
0.000000074525662 13
0.000001223455117 8
0.000000096591895 19
0.000000036693771 12
-0.000000172916840 0
0.000000117765518 29
0.000000161499070 27
0.000000208233340 23
0.000000044183620 3
0.000000111506377 37
0.000000044698906 6
0.000000122423526 16
0.000000086922714 20
0.000000102085637 17
0.000000100108598 19
0.000000128149363 16
0.000000062355518 8
0.000000131418898 16
0.000012427993152 31
0.000000351778174 22
0.000000009751189 32
0.000000081540466 13
0.000000103734131 35
0.000000148848961 26
0.000000060474755 21
0.000000080780042 14
0.000000084194344 15
0.000000044151395 8
0.000000018609212 6
0.000000057193349 21
0.000000036346304 15
0.000000097044980 16
0.000000067830730 14
0.000000251606894 23
0.000000036095068 14
0.000000035577485 7
0.000000108467974 18
0.000000109714004 16
0.000000113888607 14
0.000001326821071 25
0.000000078141568 11
0.000000067783942 42
0.000000149975270 21
0.000000167973596 29
-0.000000043768686 0
0.000000151138011 10
0.000000070778109 14
0.000001128057218 56
0.000000070923379 10
-0.000001103361808 0
0.000000071517976 4
0.000000112885445 32
0.000000041856033 7
0.000000115805102 25
0.000000035670700 22
0.000000115037942 20
0.000000240591125 25
