0.000885557704841 1
0.001746934013099 1
0.001243335028787 1
0.002993998025528 1
0.007037533967389 2
0.001633504110441 2
0.001548886441581 1
0.008640159893641 3
0.001989315641011 2
0.002233615946497 2
0.004844409429820 2
0.000448300994864 1
0.001743174033485 1
0.003333950559149 3
0.001440109404634 1
0.002837348103794 2
0.002772802284738 4
0.004484448753708 1
0.010178942172664 5
0.007911501338731 2
0.013777837947081 3
0.001127353926782 2
0.001527580891199 4
0.005034792582149 3
0.004664014568087 2
0.007574556727078 4
0.002541571213463 3
0.003928298278492 1
0.001494944511576 1
0.005374381533187 3
0.002957941856740 3
0.008505576081923 1
0.180156351876441 1
0.001679500583367 1
0.002371346494947 5
0.001335067370925 1
0.001212525573379 1
0.001556775311154 1
0.010785380536476 6
0.004465113663336 3
0.003664479385394 1
0.002343361805578 1
0.001231657988648 1
0.007174188078618 2
0.009090309103834 1
0.003694579756093 2
0.002676570624263 2
0.007373864402409 2
0.001514972907319 1
0.010850333049919 3
0.180156351876441 1
0.015282151415444 4
0.008267358054321 2
0.001697316690882 2
0.005475138221114 3
0.002505388346397 3
0.016479681190088 3
0.002310297254016 4
0.004878637816322 2
0.004481304472743 3
0.000930977779359 1
0.000629961701595 1
0.001730606117102 1
0.001915610525796 1
0.002149632365893 1
0.001287323786653 1
0.001062582038703 1
0.001781975141818 1
0.001759239112532 1
0.002359626369571 1
0.000210800907675 1
0.001102298576511 1
0.000235406027874 1
0.001998314089292 1
0.000343744814681 1
0.001332977618829 1
0.002098605257755 1
0.000857284640434 1
0.000133090356711 1
0.001661177268326 1
0.002512749460088 1
0.001218307340809 1
0.000235406027874 1
0.001442018704030 1
0.002359626369571 1
0.001915610525796 1
0.002136754472285 1
0.001768902150894 1
0.000235406027874 1
0.001161852755682 1
