0.000042069474620
0.000019559679425
0.000095589437179
0.000103468432882
0.000101928977517
0.000105523692798
0.000089138442682
0.000106651769890
0.000022251268105
0.000080177393748
0.000106969186061
0.000024325602351
0.000075524312140
0.000096607903181
0.000024475653333
0.000091245680640
0.000036974383565
0.000107430569045
0.000103603848800
0.000109572995966
0.000089270144574
0.000029332934785
0.000033124633820
0.000105914237052
0.000077590880222
0.000084958137591
0.000104088753267
0.000086778264854
0.000046423929556
0.000095062318121
0.000013175466032
0.000012678626742
0.000016604486749
0.000013727127061
0.000001783601880
0.000000633335356
0.000000627121276
0.000011571298056
0.000012601738043
0.000012723409272
0.000014161392699
0.000009629061247
0.000012815662766
0.000015329946877
0.000008706273599
0.000019557906414
0.000012972610401
0.000015631293824
0.000000624552946
0.000012122376587
0.000012087663443
0.000007074760818
0.000011938520813
0.000010857099136
0.000012392654085
0.000016399527354
0.000010398477632
0.000015828062251
0.000004014916332
0.000008667212880
0.000000094873318
0.000000040338289
0.000000040338289
0.000000040338289
0.000000156885584
0.000000040338289
0.000000040338289
0.000000064467298
0.000000040338289
0.000000040338289
0.000000066094044
0.000000072363819
0.000000100459065
0.000000072825675
0.000000040338289
0.000000072825675
0.000000072363819
0.000000040338289
0.000000040338289
0.000000073269702
0.000000156885584
0.000000040338289
0.000000112295363
0.000000067348915
0.000000179644876
0.000000073269702
0.000000155406553
0.000000091991701
0.000000128880234
0.000000040338289
