0.000045936149909 24
0.000055584657428 30
0.000062547097313 29
0.000043137533313 30
0.000064513929316 30
0.000049138866093 29
0.000019254534987 16
0.000054917106914 29
0.000048792336913 26
0.000044942221978 29
0.000047974779246 16
0.000023963181292 29
0.000025520704254 33
0.000038603635748 28
0.000036177861304 23
0.000053936869248 27
0.000026059489484 30
0.000049644690312 31
0.000058569915239 28
0.000054843339513 31
0.000045835293088 30
0.000024965835878 30
0.000025200943712 30
0.000057370694725 27
0.000038923281268 27
0.000046299226076 30
0.000048922879048 30
0.000055999849391 30
0.000037504863112 28
0.000030885491626 31
0.000002626465297 12
0.000003485189503 20
0.000002168887933 25
0.000007763668890 14
0.000000402818607 12
0.000000514674585 10
0.000000625502673 11
0.000003259335768 20
0.000003132763645 13
0.000003316859464 11
0.000006548830377 11
0.000001931184061 13
0.000002610011836 12
0.000005510898309 9
0.000001071672994 18
0.000007226759662 15
0.000006321292961 11
0.000005483304497 9
0.000000237103351 7
0.000002725539377 18
0.000001627917711 47
0.000000834860674 16
0.000002502998984 17
0.000002865899955 12
0.000003465627002 21
0.000004322873588 21
0.000002928480843 19
0.000008141565749 19
0.000000602031864 14
0.000001078949344 17
0.000000090077748 7
0.000000076892584 1
0.000000065743123 1
0.000000088496917 1
0.000000540932598 48
0.000001637078362 6
0.000000051810265 1
0.000000041491379 1
0.000000076909848 1
0.000000047831349 1
0.000000024645395 3
0.000000080816126 3
0.000000119410496 2
0.000000087251736 2
0.000000058155679 4
0.000000080645286 2
0.000000049696827 3
0.000000067015349 1
0.000000347291516 5
0.000000144827516 2
0.000000007985315 2
0.000000042470249 1
0.000000143560002 3
0.000000056577360 6
0.000000254208229 3
0.000000122335469 2
0.000000109381974 3
0.000000892425611 3
0.000000159289964 3
-0.000000365860079 0
