0.001441894696029 2
0.001275203111255 2
0.002812303974300 1
0.003671728565388 4
0.006336155315765 8
0.002825815456121 5
0.000357876332382 1
0.004274725046476 2
0.001002581999185 2
0.000839270127865 2
0.001974208675683 1
0.002242536419486 5
0.000711368614175 2
0.001638073389375 5
0.000417501103184 1
0.001234965021838 2
0.004884113690133 10
0.002601648399450 3
0.006122536440505 11
0.006618206308909 4
0.010322183446803 3
0.005020759183979 8
0.003632462981289 8
0.002840700212207 4
0.004155486306175 4
0.006378617158858 1
-0.003375955475471 0
0.001680486636263 1
0.000272893503670 1
0.001774820506482 2
0.002805988699483 2
0.006118157961079 10
0.001642337781960 4
0.000362948264439 2
-0.002296994371021 0
0.002341081507872 4
0.000440126482040 2
0.001690003935850 3
0.004242745382417 4
-0.014384254321854 0
0.003917276854226 3
0.003881839396771 5
0.001615514983877 3
0.004711707048539 8
0.008078333735016 5
0.005505847309572 3
0.002378804026536 4
0.004173688233816 2
0.001000694630761 2
0.004628937337807 3
0.001232779209150 5
0.004190329473554 6
0.003278491858565 6
0.001398142530174 2
0.003948531331718 5
0.002205171210138 3
0.002872818024035 3
0.006784314436836 8
-0.002504556532975 0
0.003534085718512 5
0.000342619919240 1
0.000710303802048 1
0.000317646135591 1
0.000343883630004 1
0.000377148658677 1
0.000235039098222 1
0.000190209262623 1
0.000282654441221 1
0.000318714806329 1
0.000428008425891 1
0.000040021964493 1
0.000177486637490 1
0.000046344234877 1
0.000364319235743 1
0.000062570168491 1
0.000244228368505 1
0.000391971855757 1
0.000236924398920 1
0.000131716551970 1
0.000427552690336 1
0.000453574913094 1
0.000208589259843 1
0.000046344234877 1
0.000261582884400 1
0.000428008425891 1
0.000343883630004 1
0.000387582089263 1
0.000373989122166 1
0.000045914333451 1
0.000210746402689 1
