0.000014851892464
0.000012698081063
0.000014180022700
0.000014604563429
0.000014172246189
0.000012764244757
0.000016415830991
0.000015249392785
0.000013208032660
0.000016656066786
0.000020272745918
0.000011788291136
0.000014816945054
0.000010866512972
0.000011343669002
0.000011972135995
0.000015084457924
0.000016638699549
0.000015638933784
0.000011562632159
0.000014834543222
0.000015419332953
0.000017297002079
0.000015618227748
0.000015708714111
0.000014589314747
0.000007595888252
0.000018795506532
0.000013206768813
0.000013087807187
0.000004332823735
0.000004579921579
0.000002969830294
0.000005053594057
0.000001427977653
0.000001184647593
0.000001035375274
0.000005719357099
0.000004187256292
0.000003615002410
0.000007444618834
0.000003089534224
0.000002688075230
0.000007492453397
0.000002315917819
0.000005795713110
0.000005141637650
0.000007638114874
0.000001099591913
0.000002175974571
0.000004806754622
0.000001930484546
0.000002409603846
0.000003748417568
0.000004793182101
0.000005750707022
0.000002977835562
0.000005463131671
0.000001885587969
0.000002413827042
0.000006935022068
0.000003677889163
0.000004291248059
0.000011559159344
0.000004660696615
0.000007443262903
0.000014414669745
0.000007443959633
0.000011784419294
0.000004701928960
0.000013574870544
0.000003785651748
0.000009659366765
0.000011086818055
0.000012227351915
-0.000008616565487
0.000005182703267
0.000006985289932
0.000010646764718
0.000005086060843
0.000003221429365
0.000005178661681
0.000009097933794
0.000005584878687
0.000005307875289
0.000009695897033
0.000006353199912
0.000003790194668
0.000011652427478
0.000004301977476
0.000012601240533
0.000012457245851
0.000011343615385
0.000005723938924
0.000007036224606
0.000011970785540
0.000012380111610
0.000009044972871
0.000009672805433
0.000012637539223
0.000008102616812
0.000011972872164
0.000009469149579
0.000011381987599
0.000011410884283
0.000011765970863
0.000012838653834
0.000011318573256
0.000012075678100
0.000005328803684
0.000011032549618
0.000007910901458
0.000007423654232
0.000004618742847
0.000010201309334
0.000010682352801
0.000011218475963
0.000007550166171
0.000010657398257
0.000013226636502
0.000000093180256
0.000000120088113
0.000000131774979
0.000000112950782
0.000000849291653
0.000000186569399
0.000000060042614
-0.000000453849577
0.000000198241994
0.000000218911343
0.000000335934972
0.000000090682485
0.000000137147218
0.000000074513051
0.000000170225432
0.000000160376512
0.000000152645757
0.000000160640773
0.000000199733990
0.000000099655850
0.000000198292040
0.000010135663499
0.000000397870673
0.000000013497552
0.000000118511978
0.000000148376741
0.000000153173878
0.000000089918521
0.000000174197032
0.000000098897116
0.000000047062949
0.000000043342664
0.000000097888388
0.000000036882213
0.000000069037046
0.000000100230726
0.000000262848811
0.000000058513804
0.000000053888486
0.000000154407381
0.000000180099828
0.000000169612244
0.000001577999509
0.000000106140326
0.000000082397809
0.000000245379229
0.000000239966343
-0.000000069209869
0.000000288694406
0.000000135079612
0.000001000679857
0.000000112078072
-0.000002204600952
0.000000074807161
0.000000183467019
0.000000072565974
0.000000129588818
0.000000061722495
0.000000136611389
0.000000354325661
