0.000849699130500 1
0.001566240275629 1
0.001598814687932 1
0.002876283468437 1
0.007449440800007 2
0.001326799208431 2
0.001521892314798 1
0.004207824372143 2
0.001186535327474 1
0.001753539503339 2
0.003254536203098 2
0.000445869290078 1
0.001640609214929 2
0.003583469886564 4
0.001253980599716 1
0.004474759093842 3
0.004145889380234 6
0.004906087267065 2
0.008926608352086 6
0.005429475904840 2
0.016110537403648 5
0.001331920775692 2
0.001361404975937 4
0.004228284045496 3
0.003484110027671 2
0.006453521604071 5
0.002388171213594 4
0.005512088229240 2
0.001273859284096 1
0.006866970144741 5
0.002362971329058 3
0.006165146348215 2
-0.006810141023747 0
0.000734579484707 1
0.002291725455461 5
0.001186535327474 1
0.001144583710612 1
0.002672233464192 2
0.007471350528129 9
0.002960774781403 3
0.003405616012391 1
0.002866743961811 2
0.000997392085778 1
0.004511027787792 2
0.010178664803617 5
0.002545995350288 2
0.002513237304273 3
0.007063503533002 4
0.001429778704405 1
0.006724565069675 3
0.002115685475209 3
0.009467021093118 4
0.006477794134298 2
0.000935907447104 1
0.007864683139333 5
0.002326570415176 3
0.013709174658874 4
0.002724947919876 5
0.007502713958379 4
0.004170663183185 4
0.000796686048817 1
0.000534936765093 1
0.001476442021730 1
0.001634366239833 1
0.001833892717236 1
0.001101187663755 1
0.000904666853900 1
0.001520344552109 1
0.001502347110711 1
0.002014410988957 1
0.000180050672162 1
0.000943070453101 1
0.000201698348296 1
0.001709745808819 1
0.000292677570559 1
0.001117671129950 1
0.001793936668442 1
0.000728243906077 1
0.000455788680789 1
0.001416342256843 1
0.002146701842337 1
0.001032350532617 1
0.000201698348296 1
0.001232289474108 1
0.002014410988957 1
0.001634366239833 1
0.001824145443186 1
0.001505136946771 1
0.000215210375828 1
0.000991872691701 1
