0.000032301272803 16
0.000018629308723 10
0.000055975872380 25
0.000056520929736 25
0.000057197531093 25
0.000056107332523 24
0.000051803861504 23
0.000057401562178 25
0.000018338639784 10
0.000056485991505 27
0.000061033506301 27
0.000018914512574 10
0.000047711559978 22
0.000057071667304 26
0.000022523540571 12
0.000055859429066 26
0.000029322335103 15
0.000057719818105 25
0.000062219280594 28
0.000058459157358 25
0.000053068994339 24
0.000025389729320 13
0.000027529830773 14
0.000062002161207 28
0.000049479300763 23
0.000052576126722 24
0.000058367370865 26
0.000054983538456 25
0.000036749814150 18
0.000058184227490 27
0.000010218543274 12
0.000010169282301 10
0.000012666875576 13
0.000010804266184 10
0.000002937245408 6
0.000001427699634 4
0.000000874983480 3
0.000011320193638 12
0.000009676931023 10
0.000010456748499 11
0.000012485195545 12
0.000007828950971 10
0.000010010249380 12
0.000011884430086 11
0.000008078878389 11
0.000014501681782 14
0.000011604133285 11
0.000013613884539 13
0.000000838575877 3
0.000009472917589 11
0.000012154331325 13
0.000006106798290 9
0.000009366262628 11
0.000009439508184 11
0.000011541375395 12
0.000014077995853 15
0.000009116016131 11
0.000012181115869 11
0.000003619472398 6
0.000007983416893 10
0.000000101010396 1
0.000000101010396 1
0.000000101010396 1
0.000000101010396 1
0.000000300117887 2
0.000000101010396 1
0.000000101010396 1
0.000000101010396 1
0.000000101010396 1
0.000000101010396 1
0.000000101010396 1
0.000000163635971 2
0.000000175735416 2
0.000000165768630 2
0.000000101010396 1
0.000000165768630 2
0.000000163635971 2
0.000000101010396 1
0.000000101010396 1
0.000000167818959 2
0.000000300117887 2
0.000000101010396 1
0.000000262768195 3
0.000000101010396 1
0.000000297913800 2
0.000000167818959 2
0.000000297913800 2
0.000000101010396 1
0.000000188043175 2
0.000000101010396 1
