0.000003780987660
0.000005015364525
0.000002103718842
0.000009546657720
0.000006730296462
0.000017249664567
0.000006023316834
0.000011998204060
0.000004739270548
0.000004198060103
0.000011556154013
0.000005347306702
0.000010295680161
0.000000383336461
0.000006187281565
0.000000632099409
0.000002980743447
0.000002744520301
0.000011269735962
0.000006730406385
0.000006077144715
0.000009689085189
0.000003152162495
0.000012900012939
0.000008310995572
0.000005275119771
0.000002289482708
0.000009165822247
0.000007161533520
0.000005899907270
0.000001604450830
0.000005322103533
0.000004302220077
0.000010410941291
0.000002941717437
0.000006793527610
0.000012055592297
0.000004542979078
0.000000302117683
0.000008217105605
0.000004852101001
0.000003508099303
0.000011453682821
0.000002117816388
0.000012484148923
0.000073727433924
0.000034649441547
0.000017245295479
0.000085444133370
0.000035775932080
0.000048689064383
0.000038730760865
0.000009169452478
0.000010094954992
0.000022447263372
0.000001777340677
0.000006620105604
0.000019864286466
0.000029411505543
0.000025836722001
0.000041799542350
0.000077224523365
0.000019156512132
0.000035589671517
0.000010958176690
0.000009936747129
0.000038040681825
0.000009633832847
0.000039816861145
0.000031532441938
0.000015872934875
0.000024766703827
0.000007622428681
0.000062170448416
0.000050544103232
0.000030660949913
0.000014269442798
0.000018184663883
0.000043115256534
0.000008126600891
0.000029042131483
0.000028768555572
0.000046319575201
0.000003649567372
0.000004746874473
0.000018520806020
0.000049372482357
0.000043049938134
0.000042537092545
0.000003218023593
