0.000025048078583 3
0.000009261720396 1
0.000038535277657 2
0.000048168818814 3
0.000158038267147 5
0.000061649597177 4
0.000010497251312 1
0.000096804459943 4
0.000010257619469 1
0.000026221374195 2
0.000070451435679 5
0.000008763412197 1
0.000059320940547 6
0.000053905579911 7
0.000019998710798 3
0.000050916473998 3
0.000065353733971 7
0.000091483222341 4
0.000148839006354 26
0.000077294971688 5
0.000168097176437 6
0.000048871479816 3
0.000107810420462 10
0.000136023389347 16
0.000032467413337 3
0.000065568151187 3
0.000119935039475 9
0.000068104345103 7
0.000033704182237 5
0.000050873249258 3
0.000068116674966 9
0.000149321090419 8
0.000120287420833 11
0.000019252523100 2
0.000034828759458 3
0.000027567489766 3
0.000015455037621 2
0.000016508127174 2
0.000053250551913 8
0.000051081751832 11
0.000063435661850 5
0.000088137040819 5
0.000031510046903 3
0.000054467430558 5
0.000170083231452 6
0.000125379549217 9
0.000086238082361 4
0.000141773699560 5
0.000015171629385 2
0.000057287275385 3
0.000051755900133 3
0.000169616374780 10
0.000080662574542 3
0.000010347231260 1
0.000054910370866 4
0.000102311432907 5
0.000134229943558 4
0.000125927631515 5
0.000106655922937 7
0.000045003787987 2
0.000001132685618 1
0.000009047020433 1
0.000009914327545 1
0.000005707981828 1
0.000002246198499 1
0.000009094532340 1
0.000005072870211 1
0.000007666748438 1
0.000010508300013 1
0.000009920870301 1
0.000003160282071 1
0.000005946911410 1
0.000001512132033 1
0.000007244458981 1
0.000000733444346 1
0.000005720111302 1
0.000007032171069 1
0.000005009031340 1
0.000008258601605 1
0.000006836398397 2
0.000001941701522 1
0.000000841458224 1
0.000002425896853 2
0.000007340919094 1
0.000010816153471 1
0.000008466087935 1
0.000006509623789 1
0.000008899396763 1
0.000003713548047 3
0.000005325748974 1
