0.000011494262397
0.000011494262397
0.000011494262397
0.000011494262397
0.000011494262397
0.000018997926609
0.000011494262397
0.000018025088765
0.000011494262397
0.000011494262397
0.000021170125136
0.000011494262397
0.000019771207761
0.000011494262397
0.000011494262397
0.000011494262397
0.000022511328099
0.000011494262397
0.000021170125136
0.000011494262397
0.000011494262397
0.000021875832934
0.000020116806798
0.000021875832934
0.000011494262397
0.000011494262397
0.000011494262397
0.000018025088765
0.000011494262397
0.000011494262397
0.000011494262397
0.000011494262397
0.000020116806798
0.000019771207761
0.000022511328099
0.000011494262397
0.000011494262397
0.000011494262397
0.000011494262397
0.000018997926609
0.000011494262397
0.000011494262397
0.000011494262397
0.000011494262397
0.000011494262397
0.000049756966028
0.000048378178940
0.000038529649750
0.000065180565866
0.000037442934200
0.000044206855487
0.000037127251644
0.000039707234675
0.000025850116447
0.000044861543485
0.000011494262397
0.000036270964181
0.000029899959681
0.000027382543980
0.000041711015211
0.000037049673927
0.000058984507929
0.000028537197089
0.000031504938268
0.000035349527876
0.000038594996702
0.000033785195906
0.000041718179205
0.000027020771636
0.000029844501992
0.000030858401821
0.000047019938380
0.000018296702044
0.000045354870707
0.000054803858201
0.000037128537205
0.000033671670761
0.000035926564436
0.000050502318075
0.000011494262397
0.000030333651939
0.000020670559427
0.000037784400329
0.000018212470525
0.000019296877034
0.000035064296262
0.000030477051039
0.000047694366025
0.000044575697968
0.000018197847409
