0.000016018238574
0.000011703100415
0.000027806856683
0.000018176716897
0.000022676197821
0.000021872132588
0.000019051050326
0.000011179914108
0.000017958180604
0.000018747857112
0.000014298058946
0.000016565494119
0.000013109685414
0.000018401365800
0.000017644689071
0.000021525799299
0.000019019644988
0.000010987106643
0.000014608883779
0.000024460580960
0.000016531841591
0.000019751442725
0.000018934008805
0.000017469870080
0.000019207005315
0.000016691539835
0.000017583203265
0.000009582712138
0.000016827934928
0.000019211475790
0.000010842998538
0.000013044865974
0.000014209124338
0.000008889532531
0.000013409826547
0.000012541330564
0.000012011110371
0.000012698475510
0.000016279304828
0.000016550952150
0.000011017138445
0.000011074160568
0.000010819807320
0.000015140813984
0.000015006760804
0.000011216843440
0.000011361111166
0.000016777138097
0.000008411576147
0.000014366016400
0.000015245404271
0.000013222554474
0.000011240159601
0.000011213755087
0.000013727346091
0.000010789260598
0.000015307812260
0.000015619923425
0.000011944835190
0.000012726407411
0.000010006187938
0.000005262243978
0.000006172947664
0.000016428293057
0.000006743844386
0.000010744586025
0.000020635105972
0.000010745725555
0.000016853065373
0.000006807205677
0.000019500825321
0.000005467095848
0.000013931308929
0.000016059472011
0.000017512176338
-0.000011933212214
0.000007509598376
0.000010110838668
0.000015373545515
0.000007321335149
0.000004644514124
0.000007500286257
0.000013134937606
0.000008017887119
0.000007669457350
0.000013957729704
0.000009124365107
0.000005475237312
0.000016804592875
0.000006200047233
0.000005609659078
0.000015563442710
0.000010604177210
0.000017883073826
0.000016996366323
0.000014972283878
0.000016471204835
0.000012647209500
0.000011952617864
0.000014453047701
0.000015016506734
0.000015115054763
0.000010793054529
0.000016810323803
0.000017827709550
0.000019064371333
0.000014824002173
0.000016012205911
0.000018188890047
0.000012870486356
0.000014895246320
0.000007137247276
0.000009780833508
0.000014271597573
0.000011135580669
0.000017445899458
0.000016310247747
0.000009615599506
0.000015187889987
0.000018407449305
0.000000069552085
0.000000094846554
0.000000083777907
0.000000071307898
0.000000020944048
0.000000087556291
0.000000052467281
-0.000000030373687
0.000000112980195
0.000000153109907
0.000000201296531
0.000000039842433
0.000000109107299
0.000000047452786
0.000000128730357
0.000000082878205
0.000000118681899
0.000000092929345
0.000000114781804
0.000000052009107
0.000000141673063
0.000009221650064
0.000000133576016
0.000000009370897
0.000000078460876
0.000000114866182
0.000000139286616
0.000000092588420
0.000000080137310
0.000000100429804
0.000000040728352
0.000000016728026
0.000000082428699
0.000000012684670
0.000000093928971
0.000000076748099
0.000000094728621
0.000000049283306
0.000000020612157
0.000000110018145
0.000000100403126
0.000000104139969
0.000004279965364
0.000000079648109
0.000000063907354
0.000000146663629
0.000000160640303
0.000000034829223
0.000000148576156
0.000000064215064
0.000000088130607
0.000000068833441
0.000000046394147
0.000000084908691
0.000000140962561
0.000000046140811
0.000000107816755
0.000000044936846
0.000000112919312
0.000000278523883
