0.000000503763489 5
0.000000701407163 6
0.000001494396582 3
0.000001261184162 9
0.000001698749727 3
0.000001659714692 9
0.000000570667654 4
0.000003912357790 10
0.000000322578509 1
0.000001148516524 2
0.000001296816298 35
0.000000313132017 2
0.000000536975302 7
0.000000339378350 4
0.000001442626083 2
0.000000857946236 2
0.000001017797771 1
0.000002734508455 6
0.000001375350611 7
0.000001024021756 4
0.000002005617892 3
0.000000561655447 5
0.000001547201526 9
0.000001048150131 8
0.000000223806931 1
0.000000886453441 2
0.000001224741616 4
0.000002499008245 4
0.000001154448906 9
0.000000984854939 1
0.000005043739279 11
0.000004242185077 6
0.000002178621880 4
0.000001237485267 2
0.000001683638745 4
0.000001030496635 3
0.000006349913870 4
0.000004297558235 10
0.000002931319124 4
0.000000840678262 4
0.000002566865662 8
0.000007442838375 9
0.000009269915241 6
0.000004619926993 3
0.000001647766003 7
0.000000880544051 3
0.000000666543451 15
0.000001466372339 2
0.000001043283042 6
0.000002944480607 9
0.000004318440407 6
0.000003385476964 10
0.000000948833610 3
0.000001001361141 4
0.000002394563174 4
0.000003722279433 14
0.000003025809954 4
0.000001790424154 9
0.000003243293427 5
0.000006725799517 11
0.000000338720651 1
0.000002862801515 4
0.000000313485323 1
0.000003338652685 7
0.000002060307714 3
0.000001311153306 2
0.000001339195272 5
0.000001383668184 7
0.000000572133530 3
0.000000583580597 4
0.000001199526973 2
0.000000543184182 13
0.000001068735657 5
0.000000704833111 4
0.000001272616523 3
0.000000752761027 2
0.000001427569404 3
0.000000314662232 1
0.000000642269367 5
0.000001891009278 2
0.000002922851889 6
0.000004075522468 6
0.000007432920156 7
0.000000426157270 1
0.000000542865274 1
0.000002692507716 4
0.000000982872534 2
0.000002259763550 3
0.000003726236712 5
0.000001491179566 2
