0.000010072621794 36
0.000007450870358 35
0.000019003524512 25
0.000011522959022 33
0.000014475962631 36
0.000013834200749 35
0.000012105657026 32
0.000006999218311 36
0.000011417126695 35
0.000011908996622 36
0.000008930920395 34
0.000010417902290 36
0.000008215763226 35
0.000011705540521 39
0.000011050023016 34
0.000013841541535 35
0.000011948170619 35
0.000006991750609 35
0.000009149831129 35
0.000015692625660 36
0.000010364410813 35
0.000012401135687 35
0.000011911041233 35
0.000010962414138 34
0.000012351772059 35
0.000010466103727 38
0.000011019141638 33
0.000006015798691 35
0.000010744725493 40
0.000012093553257 34
0.000007412146881 41
0.000008849149335 43
0.000009660414764 37
0.000008188559982 28
0.000009396650917 33
0.000008845527026 38
0.000008774168658 38
0.000008697056818 42
0.000011099874356 34
0.000011232580185 34
0.000007830473736 40
0.000008976325209 34
0.000007373262085 38
0.000010220377592 39
0.000010151915901 38
0.000007475929291 42
0.000008600471928 38
0.000011216645905 36
0.000007033345067 36
0.000009988068140 36
0.000010713051290 33
0.000008896686633 38
0.000008577068894 38
0.000008406022596 39
0.000009531642911 33
0.000008251600285 37
0.000010377939638 38
0.000010463395688 36
0.000008033501800 36
0.000008793965666 40
0.000006309388098 38
0.000003343324345 48
0.000003909213800 45
0.000010551430167 32
0.000004239097494 34
0.000006769680051 34
0.000013136531140 36
0.000006770276460 34
0.000010743427992 32
0.000004274544502 36
0.000012355715279 39
0.000003441975662 38
0.000008793870668 36
0.000010080701649 34
0.000011129729754 38
-0.000007883625694 0
0.000004711673809 37
0.000006350006134 36
0.000009696635393 35
0.000004625485473 38
0.000002928927174 39
0.000004713373627 38
0.000008298454711 44
0.000005086247664 44
0.000004828827430 33
0.000008822490277 36
0.000005794381179 46
0.000003445850304 38
0.000010599833226 35
0.000003915568980 32
0.000004674910450 37
0.000011856873498 52
0.000006992213016 41
0.000012286294380 34
0.000011142813828 38
0.000009780887583 38
0.000010933710987 36
0.000009321745415 31
0.000007693834920 40
0.000010190865014 44
0.000009805811933 37
0.000009850206092 37
0.000007353606520 39
0.000011428224841 41
0.000012609539886 42
0.000012272552668 37
0.000009573197559 39
0.000010349092223 39
0.000012584245395 41
0.000008463317728 35
0.000009746577967 38
0.000005949707442 28
0.000006653738938 54
0.000009226008017 39
0.000007270370511 43
0.000012773728046 46
0.000010572156385 38
0.000006406439553 38
0.000010124050457 39
0.000014368682566 58
0.000000118114228 26
0.000000111312850 5
0.000000122587002 7
0.000000071765795 8
0.000000032460422 3
0.000000180126403 17
0.000000104014048 15
-0.000000081293233 0
0.000000190048633 19
0.000000202588118 12
0.000000327766406 13
0.000000083203050 2
0.000000148252300 20
0.000000067362977 4
0.000000169670876 10
0.000000152923672 15
0.000000192652592 19
0.000000149816623 12
0.000000184953122 8
0.000000103366294 6
0.000000225231737 10
0.000007453289353 34
0.000000191333830 16
0.000000013902785 20
0.000000119976873 8
0.000000160644612 21
0.000000172227711 14
0.000000155714598 5
0.000000178776011 12
0.000000159231574 10
0.000000043762665 4
0.000000039886081 5
0.000000131459410 14
0.000000019550541 3
0.000000063810816 5
0.000000093188038 8
0.000000075814193 7
0.000000074804786 9
0.000000045341553 4
0.000000144618247 12
0.000000185407425 12
0.000000165128052 10
0.000003317658321 38
0.000000102538531 5
0.000000092221070 29
0.000000227067314 14
0.000000290504494 22
0.000000039660766 8
0.000000211367190 9
0.000000125031702 11
0.000000135587656 17
0.000000103692675 6
0.000000095616410 1
0.000000092568439 1
0.000000201147262 13
0.000000077046951 4
0.000000137430401 15
0.000000072720210 21
0.000000139894176 9
0.000000268700654 7
