0.000079115581195 31
0.000054740174485 25
0.000105163075389 36
0.000093900825421 34
0.000104687149644 36
0.000100243234585 36
0.000068313263626 27
0.000103953600815 36
0.000065905620324 31
0.000082247840389 32
0.000106574994315 36
0.000080209902557 29
0.000095984725135 35
0.000090855448878 32
0.000066543835948 26
0.000089060023818 32
0.000087139140796 30
0.000102762381983 35
0.000107665010859 36
0.000105881027994 36
0.000099417736065 32
0.000087215365548 30
0.000086531179098 30
0.000106363404063 36
0.000092830417986 37
0.000097490544769 32
0.000104137431866 35
0.000098262241576 35
0.000057151530879 24
0.000089050252931 32
0.000037059440440 20
0.000040972755948 23
0.000029440802406 18
0.000019966599926 15
0.000019770392562 14
0.000018538251288 13
0.000003179458276 5
0.000014529769546 13
0.000039367081247 22
0.000042221624979 23
0.000034587271457 23
0.000032581017356 19
0.000020925624348 15
0.000039782693820 24
0.000038385711330 23
0.000056386354482 32
0.000020270025548 15
0.000046450429451 25
0.000005543463081 7
0.000021334194522 16
0.000025756718971 16
0.000035109302037 22
0.000020009904116 14
0.000015148074103 13
0.000028748161139 18
0.000017163886322 13
0.000030878760214 18
0.000047262381524 27
0.000027712769624 17
0.000034234134212 21
0.000000173319281 8
0.000000125164793 6
0.000000105995552 5
0.000000192938950 9
0.000000175644362 4
0.000000061480397 3
0.000000070081299 3
0.000000113633002 5
0.000000046545918 2
0.000000126691582 3
0.000000171561916 4
0.000000097223829 4
0.000000248556854 5
0.000000053250360 2
0.000000099453663 4
0.000000086708890 4
0.000000135204046 5
0.000000084205494 4
0.000000103358179 5
0.000000096646116 4
0.000000154276694 3
0.000000067447274 3
0.000000268795371 5
0.000000141281689 7
0.000000159054907 3
0.000000107516185 5
0.000000191310923 5
0.000000152567765 7
0.000000274227393 6
0.000000062510611 3
