0.000029215126978
0.000013757504059
0.000043909840622
0.000016088432828
0.000234474903364
0.000092846023552
0.000008094098882
0.000142770078315
0.000008094098882
0.000008094098882
0.000047243707967
0.000016281304371
0.000017047518840
0.000017809391099
0.000008094098882
0.000047517191577
0.000067885649734
0.000053311127560
0.000110602035611
0.000025670628079
0.000267121463135
0.000079753382438
0.000111601485402
0.000117297893610
0.000026871175577
0.000043856999315
0.000088487361897
0.000044808590987
0.000013869977250
0.000054603205215
0.000042626453296
0.000189116202580
0.000093686161404
0.000016652362499
0.000071214692149
0.000008094098882
0.000013869977250
0.000008094098882
0.000071001009975
0.000080630713003
0.000071063643810
0.000064722034052
0.000034276272258
0.000067578982436
0.000254315697566
0.000101581747445
0.000116951102689
0.000169746166332
0.000013757504059
0.000029037279943
0.000039323990572
0.000268750103853
0.000101579938766
0.000008094098882
0.000047849396912
0.000127000856157
0.000147154907656
0.000166982834045
0.000084697907309
0.000051656376721
0.000008094098882
0.000008094098882
0.000008094098882
0.000008094098882
0.000008094098882
0.000008094098882
0.000008094098882
0.000008094098882
0.000008094098882
0.000008094098882
0.000008094098882
0.000008094098882
0.000008094098882
0.000008094098882
0.000008094098882
0.000008094098882
0.000008094098882
0.000008094098882
0.000008094098882
0.000008094098882
0.000008094098882
0.000008094098882
0.000008094098882
0.000008094098882
0.000008094098882
0.000008094098882
0.000008094098882
0.000008094098882
0.000008094098882
0.000008094098882
