0.000053765625292
0.000017831155066
0.000053967159581
0.000017257539658
0.000157802928804
0.000075446356774
0.000010916465740
0.000099659490901
0.000010916465740
0.000010916465740
0.000092752655614
0.000017395190234
0.000017936753443
0.000018467258705
0.000010916465740
0.000043816196983
0.000054749435864
0.000038357323720
0.000077942365998
0.000023564634903
0.000197430823294
0.000093814105050
0.000128449479599
0.000100166810365
0.000024293727930
0.000066802321731
0.000064961390917
0.000041844250581
0.000018016325480
0.000045083675872
0.000047028323584
0.000160760305647
0.000094534119532
0.000017658492418
0.000057565268330
0.000010916465740
0.000018016325480
0.000010916465740
0.000061543850661
0.000055154019008
0.000071003732505
0.000076198806471
0.000032479831937
0.000055670490535
0.000180038263840
0.000092110225903
0.000106934767608
0.000139781517619
0.000017831155066
0.000025582344328
0.000036581852721
0.000161319537186
0.000077878155891
0.000010916465740
0.000043610512237
0.000096271191244
0.000104463743677
0.000114555483037
0.000087683595424
0.000037559431727
0.000010916465740
0.000010916465740
0.000010916465740
0.000010916465740
0.000010916465740
0.000010916465740
0.000010916465740
0.000010916465740
0.000010916465740
0.000010916465740
0.000010916465740
0.000010916465740
0.000010916465740
0.000010916465740
0.000010916465740
0.000010916465740
0.000010916465740
0.000010916465740
0.000010916465740
0.000010916465740
0.000010916465740
0.000010916465740
0.000010916465740
0.000010916465740
0.000010916465740
0.000010916465740
0.000010916465740
0.000010916465740
0.000010916465740
0.000010916465740
