0.000006232311779 3
0.000008441532599 2
0.000002417020765 2
0.000007934370431 3
0.000006464836642 3
0.000016284217836 2
0.000009628415562 3
0.000012551787101 4
0.000003497839433 2
0.000003609403465 3
0.000010187429018 6
0.000003914673999 1
0.000009885339651 1
0.000000394566117 3
0.000004529605578 1
0.000000462749428 1
0.000002875468917 3
0.000002545537857 5
0.000010017108136 6
0.000005530914897 3
0.000004448976228 1
0.000012353256108 4
0.000003697323609 5
0.000012022385182 3
0.000009118598456 6
0.000004020895938 2
0.000001745540315 2
0.000008778646661 2
0.000007352001348 3
0.000004319223653 1
0.000001174591677 1
0.000005341363203 3
0.000003638487267 4
0.000010745782678 4
0.000003119282221 4
0.000006534926338 3
0.000012048669555 5
0.000003457155284 2
0.000000301902554 3
0.000007525997180 2
0.000004110906405 4
0.000004016105800 2
0.000011626254042 4
0.000001550418035 1
0.000011694806061 3
0.000087819639228 3
0.000045459269298 5
0.000022383689018 3
0.000109703163463 4
0.000032035864620 1
0.000045650949224 2
0.000039381992370 2
0.000012476655356 1
0.000011082955570 1
0.000030586367988 3
0.000001301161449 1
0.000010348054116 2
0.000022130279890 14
0.000030094465353 4
0.000033290363984 4
0.000030895423698 3
0.000101771745972 3
0.000021744260248 3
0.000041509860797 3
0.000011892789642 7
0.000013329986066 1
0.000050503922912 3
0.000013436363137 1
0.000045908906554 5
0.000037108419296 5
0.000019039866663 1
0.000032802792472 7
0.000007040438851 1
0.000061546314502 3
0.000055777720958 2
0.000039841923968 3
0.000016603585012 8
0.000016020205698 2
0.000059377472562 7
0.000008349498686 12
0.000034743623608 2
0.000033889749672 8
0.000062796873635 7
0.000003363146374 1
0.000004502681370 1
0.000021390681863 7
0.000046494623815 5
0.000053672606198 6
0.000058319636588 7
0.000002964279747 1
