0.000046203109777 30
0.000021878461443 26
0.000046510615419 31
0.000055281136975 33
0.000053117447005 32
0.000031285432991 36
0.000024232649776 35
0.000056305880510 32
0.000049138874104 32
0.000045536112566 30
0.000057400273834 33
0.000039557133638 35
0.000035626031861 38
0.000043886678895 33
0.000048235917965 31
0.000049047966709 31
0.000049128142231 32
0.000042173283247 35
0.000050716167903 35
0.000028869667484 35
0.000038216281434 33
0.000042389302584 32
0.000038555252317 33
0.000055274093640 35
0.000051945159264 33
0.000048665745638 31
0.000025648033936 38
0.000033409231472 26
0.000030275984545 24
0.000051330683803 33
0.000019957480399 18
0.000025640379943 30
0.000006425502533 36
0.000021834657127 23
0.000013453596244 25
0.000015145545026 21
0.000007503551420 12
0.000009436795591 15
0.000015369758044 17
0.000016651580611 18
0.000026782616689 18
0.000014429565973 20
0.000017377259151 17
0.000028314743172 34
0.000027632452341 23
0.000011433186692 44
0.000011976317382 16
0.000022817974737 31
0.000012758291311 15
0.000027323430704 22
0.000030114591113 27
0.000025083374275 29
0.000026935262447 21
0.000015518515525 13
0.000020868424894 19
0.000012271145126 13
0.000027627047457 22
0.000032480124280 27
0.000020606198421 30
0.000008343608790 46
0.000000415770903 20
0.000000975820217 58
0.000000072259853 1
0.000000268508683 5
0.000001919662152 30
0.000000147657918 4
0.000000039025538 5
0.000000154905468 4
0.000000245650798 4
0.000000276097624 3
0.000000209511108 10
0.000000165161487 10
0.000000132871899 5
0.000000094054756 2
0.000000030565131 1
0.000000060993076 2
0.000000119185499 8
0.000000058501911 1
0.000000167030077 4
0.000000149373451 2
0.000000048214447 2
0.000000038390977 3
0.000000122750711 6
0.000000091764377 14
0.000000092500324 5
0.000000177841788 4
0.000000093000806 5
0.000000233065841 27
0.000000129684218 7
0.000000083219223 6
