0.000022103304989
0.000021425617662
0.000022655166184
0.000022309196169
0.000022660278333
0.000022537550973
0.000021285432481
0.000022644831007
0.000021211631338
0.000022020584434
0.000022714144691
0.000021652389766
0.000022443126115
0.000021947678230
0.000021686315144
0.000021912115735
0.000021857311884
0.000022219976006
0.000022778776761
0.000022352281286
0.000022257911722
0.000021881742795
0.000021846640740
0.000022745276886
0.000021891138803
0.000022161460499
0.000022279377805
0.000022310954558
0.000021702412460
0.000021921626357
0.000016867026630
0.000017330753042
0.000016251631920
0.000014541210853
0.000014524387596
0.000015773907260
0.000010250624639
0.000013186374353
0.000016785950317
0.000017029102307
0.000016724376979
0.000016819377949
0.000014061292433
0.000017074059116
0.000016714848624
0.000017836558109
0.000014939761000
0.000017655452163
0.000014231844549
0.000015585415579
0.000015748769462
0.000016445592894
0.000015088102018
0.000013666389986
0.000016877049346
0.000014502561943
0.000016886578663
0.000017498451922
0.000015895076970
0.000016924054482
0.000021698238734
0.000021358714225
0.000021780358026
0.000021448634019
0.000021721989360
0.000021732246610
0.000021205931805
0.000021704210359
0.000021590916586
0.000021839263762
0.000021663284702
0.000021790832843
0.000021382749555
0.000021785508918
0.000021672378697
0.000021835796618
0.000021714007875
0.000021818390667
0.000021539331048
0.000021544022867
0.000021845183787
0.000021669026532
0.000021545175672
0.000021711783335
0.000021785700668
0.000021614199059
0.000021604548483
0.000021836232580
0.000021612159589
0.000021838845597
0.000014856455695
0.000020233155327
0.000019117134729
0.000018136516410
0.000019357071811
0.000019249971587
0.000019619068018
0.000017539245442
0.000019947082951
0.000020179721593
0.000018492793277
0.000020149747930
0.000019064791036
0.000019979818592
0.000019927255651
0.000020481403387
0.000020535276757
0.000020225783885
0.000020086994343
0.000017689448088
0.000019412007056
0.000016896467887
0.000019268027392
0.000018910409469
0.000019828822680
0.000020445502382
0.000020267453332
0.000018595752148
0.000019326249308
0.000020202130618
0.000000106600853
0.000000109778840
0.000000085124118
0.000000127199059
0.000000023972232
0.000000170738910
0.000000059090254
0.000000103154706
0.000000176445926
0.000000158024460
0.000000242129544
0.000000142860403
0.000000099882660
0.000000140352005
0.000000132559928
0.000000147713931
0.000000131908294
0.000000077728870
0.000000149400801
0.000000083776330
0.000000156448156
0.000004917085449
0.000000133847479
0.000000051849960
0.000000150020231
0.000000034592623
0.000000217273284
0.000000155465438
0.000000118253940
0.000000119634236
0.000000117379571
0.000000101670564
0.000000119029755
0.000000014401302
0.000000077750277
0.000000075608285
0.000000096380467
0.000000045098734
0.000000079569281
0.000000029576554
0.000000119558976
0.000000150506031
0.000000151157343
0.000000082759241
0.000000145135294
0.000000122590484
0.000000181142915
0.000000079514612
0.000000185698734
0.000000154626436
0.000000090717551
0.000000098677158
0.000000099950141
0.000000163023098
0.000000147402348
0.000000076318329
0.000000129941797
0.000000075003031
0.000000143345761
0.000000386627153
