0.000068789497265
0.000028758308192
0.000072567823350
0.000090143494946
0.000077936209566
0.000054281156376
0.000039034102633
0.000093093767151
0.000063327301725
0.000059950063545
0.000098279568045
0.000060856982874
0.000059108965061
0.000068138070426
0.000075056639035
0.000063525146838
0.000084001904902
0.000069837030995
0.000084103599954
0.000049986081052
0.000060642992006
0.000068658609591
0.000059743269999
0.000080865307131
0.000078273404078
0.000077391037436
0.000043049427375
0.000049764291484
0.000041868539619
0.000076491930756
0.000028444552429
0.000032110750794
0.000008431546096
0.000020188842750
0.000018024531087
0.000018942636300
0.000006722513618
0.000012128048462
0.000017961375546
0.000022251414736
0.000033957094712
0.000019732978014
0.000023362030892
0.000036747788617
0.000032735942144
0.000017170327820
0.000012236504460
0.000032676371407
0.000012554885297
0.000036377583232
0.000036016967518
0.000030406164637
0.000033735154726
0.000020452179278
0.000022966250716
0.000014911368368
0.000036462658191
0.000043116444914
0.000029881427298
0.000012370360601
0.000000190021673
0.000001461885740
0.000000068993781
0.000000149947954
0.000000228117476
0.000000075422053
0.000000013798200
0.000000115303776
0.000000153021427
0.000000135691792
0.000000118297483
0.000000096056179
0.000000072739221
0.000000033202594
0.000000025092723
0.000000068057380
0.000000075094343
0.000000044093057
0.000000085484900
0.000000105192572
0.000000031418235
0.000000024264528
0.000000079302232
0.000000051059729
0.000000056548441
0.000000103145961
0.000000050573924
0.000000106715306
0.000000077363087
0.000000042107668
