0.000019424771313
0.000018538749701
0.000020248825918
0.000019725747336
0.000020224979127
0.000019987154526
0.000018930232043
0.000020185755565
0.000018721761143
0.000019246779365
0.000020323129729
0.000019280168774
0.000019872752024
0.000019728610175
0.000018836817395
0.000019646654893
0.000019582823471
0.000020111569865
0.000020384360882
0.000020281586454
0.000020146289787
0.000019609495497
0.000019570057974
0.000020315700496
0.000019642351071
0.000020008101378
0.000020186519610
0.000019873457027
0.000018777450966
0.000019659664245
0.000016955355883
0.000017618979532
0.000014317618748
0.000012780725081
0.000012080494380
0.000013729663298
0.000007978852397
0.000010212699250
0.000015719289622
0.000017193761327
0.000016053808103
0.000016127088381
0.000012479096098
0.000016867311767
0.000016542964182
0.000018335870405
0.000013268815211
0.000018064171724
0.000010802576153
0.000013675602643
0.000014550874124
0.000015818025474
0.000014176243497
0.000011166876230
0.000015966576955
0.000013194080177
0.000016622236292
0.000017856819651
0.000014765673886
0.000016421968220
0.000000705508452
0.000000705508452
0.000000705508452
0.000000705508452
0.000001302979129
0.000000705508452
0.000000705508452
0.000000705508452
0.000000705508452
0.000000705508452
0.000000705508452
0.000000705508452
0.000001164617364
0.000000705508452
0.000000705508452
0.000000705508452
0.000000705508452
0.000000705508452
0.000000705508452
0.000000705508452
0.000001302979129
0.000000705508452
0.000001739099403
0.000000705508452
0.000001300431136
0.000000705508452
0.000001300431136
0.000000705508452
0.000001279990491
0.000000705508452
