0.000003332303151 3
0.000001546728844 2
0.000001235039311 2
0.000005054858993 4
0.000001613920796 3
0.000000778406599 1
0.000000456093336 1
0.000004643022964 4
0.000000456093336 1
0.000002195280403 3
0.000001674228521 2
0.000004284796173 4
0.000001827562026 2
0.000000456093336 1
0.000002920923388 3
0.000000456093336 1
0.000002151280952 2
0.000002676864673 3
0.000002032562544 3
0.000002713321570 3
0.000002909244679 3
0.000000456093336 1
0.000001685020655 3
0.000002500323985 4
0.000000456093336 1
0.000001235039311 2
0.000001878900521 2
0.000002824863934 3
0.000005823436448 5
0.000002140504685 3
0.000002878188321 2
0.000005424628113 4
0.000000456093336 1
0.000001712269960 2
0.000001770171259 2
0.000001712269960 2
0.000003945768561 2
0.000002878430972 2
0.000002594916451 2
0.000001279711755 3
0.000005275311212 4
0.000009254016020 5
0.000010570626338 7
0.000006860684844 4
0.000003960349865 3
0.000001499631733 3
0.000002185961105 3
0.000001743065069 4
0.000000456093336 1
0.000000456093336 1
0.000001402498960 2
0.000000456093336 1
0.000004109055227 4
0.000001917204496 3
0.000002357944339 3
0.000000456093336 1
0.000002588759861 2
0.000002566371037 3
0.000002933262811 3
0.000008527374905 5
0.000000712994691 2
0.000002893989464 2
0.000000456093336 1
0.000002196535636 3
0.000002229436262 3
0.000001608410229 2
0.000000712994691 2
0.000001273451101 2
0.000001258777492 2
0.000001273451101 2
0.000001608410229 2
0.000000456093336 1
0.000001168747060 2
0.000000456093336 1
0.000001695250388 2
0.000001991116626 3
0.000001430110460 3
0.000000456093336 1
0.000001258777492 2
0.000002185427820 2
0.000001797058065 2
0.000002273692739 3
0.000006124665122 5
0.000000456093336 1
0.000000720476902 1
0.000002796894254 3
0.000001561944579 2
0.000003095871886 3
0.000004398255477 3
0.000001787773059 2
