0.000003997907543
0.000001701235082
0.000001126675028
0.000006495274804
0.000001488844043
0.000000719045530
0.000000690511401
0.000005643263649
0.000000322498142
0.000002255396419
0.000001714130258
0.000005230045786
0.000001956582027
0.000000322498142
0.000003415586284
0.000000322498142
0.000002404856959
0.000003122287947
0.000002382541908
0.000002927033488
0.000002389052504
0.000000322498142
0.000001581654935
0.000002592678175
0.000000322498142
0.000001126675028
0.000002038095877
0.000002285325737
0.000007388640760
0.000002191556679
0.000003623896403
0.000006980571185
0.000000322498142
0.000001685573748
0.000001825661845
0.000001685573748
0.000005844337419
0.000003624431895
0.000003114257084
0.000001095931599
0.000006794492499
0.000013765233079
0.000012103785027
0.000005688902313
0.000005133088538
0.000001312629298
0.000002656253523
0.000001515781323
0.000000322498142
0.000000322498142
0.000000674942349
0.000000322498142
0.000003980961604
0.000001868481449
0.000002426671591
0.000000740710979
0.000003101787414
0.000002687325526
0.000003488877331
0.000007676398369
0.000000533208504
0.000002711213625
0.000000322498142
0.000002252592945
0.000002201048581
0.000001559512516
0.000000533208504
0.000001169717851
0.000001349993774
0.000001169717851
0.000001559512516
0.000000322498142
0.000001053188477
0.000000322498142
0.000001726381224
0.000001911955361
0.000001456046324
0.000000322498142
0.000001153234932
0.000002452023231
0.000001790263007
0.000002335519521
0.000008307841755
0.000000322498142
0.000000845722085
0.000002532902115
0.000001503900946
0.000003491374778
0.000005808200640
0.000001872582153
