0.000000567178726 6
0.000000659554556 6
0.000001505598080 4
0.000001440133315 9
0.000001582351567 3
0.000001332845974 8
0.000000493259737 4
0.000004186318468 10
0.000000228091406 1
0.000001313900428 3
0.000001438823347 34
0.000000449718461 4
0.000000512230207 7
0.000000347084565 4
0.000001503878803 2
0.000000811235877 2
0.000001128649183 1
0.000002559550013 5
0.000001474725450 8
0.000001081105127 4
0.000002351243284 3
0.000000521287899 4
0.000001393287989 8
0.000001159746037 8
0.000000158251204 1
0.000000777573739 2
0.000001110430640 4
0.000002997362358 5
0.000001278436658 9
0.000001043404017 1
0.000005251857453 10
0.000004568826495 5
0.000001893405243 4
0.000001219009359 2
0.000001677976613 4
0.000000963996897 3
0.000007368201779 4
0.000005066565326 10
0.000002849097254 4
0.000000678751530 4
0.000003121558512 8
0.000009739937099 8
0.000013470405332 6
0.000002859500290 2
0.000002130566779 7
0.000001137671496 5
0.000000592151283 15
0.000001550086842 3
0.000001171919507 8
0.000002778588195 8
0.000003605689070 6
0.000003647939173 9
0.000001156402217 4
0.000000933424297 4
0.000001672156489 3
0.000002281252805 11
0.000003580646098 4
0.000002134961967 9
0.000004196286520 7
0.000009331695186 12
0.000000239505321 1
0.000003763752019 4
0.000000221661722 1
0.000003903233466 8
0.000002010241664 3
0.000001270101182 2
0.000001137754016 5
0.000001312697340 7
0.000000498619599 3
0.000000591641869 5
0.000001331541569 3
0.000000501148964 14
0.000001086024681 6
0.000000591887867 4
0.000001240133611 3
0.000000724788743 2
0.000001225788381 3
0.000000222493901 1
0.000000625438784 6
0.000002111390640 2
0.000002813533942 6
0.000003361404346 5
0.000005411055598 4
0.000000301330709 1
0.000000482446012 1
0.000003050800160 4
0.000001084148478 3
0.000002577606033 3
0.000004934773425 6
0.000001570744435 2
