0.000029557346429 3
0.000010700689126 2
0.000047202634164 2
0.000018605471564 2
0.000228571711594 5
0.000075230999844 4
0.000007783269066 1
0.000134065907436 4
0.000007605592162 1
0.000025193790187 2
0.000083985334397 5
0.000010524844814 2
0.000046995088171 5
0.000064939282917 8
0.000022078387471 4
0.000035968480765 2
0.000060409745287 6
0.000116880467884 5
0.000152368262418 21
0.000089963169402 5
0.000248530698180 6
0.000042559360270 2
0.000107485677054 8
0.000176204315691 16
0.000035677705761 3
0.000049142852296 2
0.000136360547777 7
0.000064267193009 6
0.000019492121123 4
0.000053687382348 3
0.000079759781368 9
0.000217480298512 9
0.000096716064892 8
0.000019512164618 2
0.000044317421395 3
0.000014398222840 2
0.000011715794324 2
0.000014038123714 2
0.000060121629356 8
0.000038230329037 9
0.000074456789660 5
0.000080153572520 5
0.000021096720127 2
0.000061319209232 5
0.000207175025226 4
0.000104397752019 6
0.000117315559083 5
0.000183479081132 4
0.000011606271059 2
0.000048591294370 3
0.000035317880729 2
0.000199859271790 7
0.000101365800044 3
0.000007672035526 1
0.000047710955864 3
0.000077772857897 3
0.000156984580127 4
0.000153555965819 4
0.000111092036646 5
0.000059364453845 2
0.000000839838608 1
0.000006707984041 1
0.000007351055681 1
0.000004232227759 1
0.000001665461441 1
0.000006743212116 1
0.000003761319284 1
0.000005684570578 1
0.000007791461212 1
0.000007355906859 1
0.000002343215852 1
0.000004409383966 1
0.000001121182120 1
0.000005371460758 1
0.000000543818045 1
0.000004241221252 1
0.000005214058225 1
0.000003713985454 1
0.000006123404736 1
0.000005288134769 2
0.000001439689776 1
0.000000623905780 1
0.000001891597197 2
0.000005442981863 1
0.000008019721565 1
0.000006277247098 1
0.000004826611459 1
0.000006598527317 1
0.000002882770531 3
0.000003948818220 1
