0.000013990882625
0.000013640894864
0.000014230302713
0.000014084840147
0.000014236897577
0.000014165360380
0.000013648558177
0.000014208632986
0.000013696427597
0.000013959084733
0.000014237398552
0.000013876983739
0.000014059205554
0.000013992499439
0.000013781442528
0.000014007296025
0.000013967838195
0.000014140436683
0.000014271929061
0.000014205091043
0.000014156712924
0.000013993526440
0.000013981092484
0.000014274746898
0.000014008510243
0.000014100575059
0.000014177534175
0.000014010754714
0.000013816294089
0.000014021903256
0.000011410254760
0.000011645828897
0.000011109538906
0.000010332737425
0.000010275924184
0.000010871811413
0.000008816470087
0.000009997671076
0.000011371883998
0.000011490180635
0.000011335170412
0.000011393833835
0.000010704543684
0.000011520284452
0.000011468067706
0.000011879999878
0.000010519861982
0.000011800352495
0.000010021859272
0.000010955616091
0.000011044285309
0.000011316100913
0.000010844491473
0.000010047573856
0.000011410693663
0.000010476164624
0.000011427520601
0.000011718038402
0.000011056193349
0.000011431146203
0.000013675840057
0.000013518604843
0.000013713285341
0.000013560584427
0.000013686987266
0.000013692581368
0.000013449753083
0.000013679853454
0.000013626139300
0.000013740306709
0.000013660055287
0.000013717397775
0.000013532898193
0.000013715815829
0.000013664414170
0.000013739366236
0.000013683351308
0.000013730475566
0.000013604084460
0.000013606442561
0.000013742690465
0.000013658297720
0.000013605501585
0.000013682379936
0.000013716380703
0.000013636570854
0.000013633188827
0.000013738460500
0.000013637393637
0.000013740526790
0.000010740654354
0.000013158077571
0.000012596630120
0.000012008632275
0.000012613145511
0.000012514402487
0.000012823848730
0.000011902181173
0.000013034421186
0.000012988468708
0.000012377516425
0.000013131366892
0.000012501158684
0.000012886465847
0.000012888470129
0.000013290056731
0.000013243016697
0.000013099431338
0.000012962125162
0.000011815786156
0.000012590122192
0.000011649943488
0.000012573946453
0.000012489102276
0.000012842803874
0.000013127149060
0.000013122577308
0.000012571231684
0.000012688622682
0.000013014631076
0.000000144030228
0.000000192086314
0.000000111190049
0.000000178145123
0.000000035801291
0.000000282915062
0.000000051210220
0.000000141462266
0.000000246451875
0.000000262501780
0.000000268775542
0.000000211389613
0.000000169210958
0.000000213054311
0.000000173462072
0.000000269349250
0.000000206312770
0.000000073567990
0.000000224130746
0.000000165032227
0.000000223264769
0.000007014509705
0.000000209928647
0.000000051900573
0.000000239354389
0.000000034106971
0.000000278839454
0.000000250524221
0.000000218561561
0.000000141526049
0.000000134719192
0.000000095965742
0.000000161586143
0.000000024920454
0.000000047317906
0.000000130612737
0.000000126515355
0.000000050098344
0.000000092491909
0.000000054655866
0.000000241932046
0.000000236608801
0.000000150288971
0.000000138392938
0.000000090060289
0.000000226441519
0.000000217865084
0.000000099244880
0.000000239344560
0.000000233238723
0.000000125119958
0.000000139202030
0.000000130195456
0.000000195692063
0.000000185619451
0.000000096176692
0.000000191469083
0.000000024920454
0.000000161295014
0.000001113678969
