0.000055915375965
0.000043938809387
0.000061696306963
0.000058051890055
0.000061524614557
0.000059853695682
0.000050552627460
0.000061246346852
0.000046705116194
0.000053672003450
0.000062230159089
0.000052944515044
0.000059040000133
0.000058146106053
0.000049949154319
0.000056436232036
0.000055975034941
0.000060775542587
0.000062652446596
0.000061957372654
0.000061041446234
0.000057320251528
0.000055895214101
0.000062164355055
0.000056308542055
0.000060090860378
0.000061303468886
0.000059082330053
0.000049155345842
0.000057642688928
0.000029370451915
0.000032232065577
0.000023563184876
0.000015350508383
0.000015075743155
0.000020311489981
0.000004548678354
0.000013792566835
0.000028888849449
0.000030543599573
0.000028642698882
0.000026626328267
0.000020751286379
0.000030751206448
0.000032314384569
0.000039394353281
0.000019031762275
0.000035812711459
0.000009250895976
0.000022769325506
0.000021927847911
0.000028926898286
0.000020057519846
0.000013286597117
0.000029986066814
0.000019484870672
0.000027780984888
0.000036694987598
0.000023460096481
0.000032340342867
0.000000260371614
0.000000182681694
0.000000127100684
0.000000286382056
0.000000340350818
0.000000080872593
0.000000134778473
0.000000244157308
0.000000080872593
0.000000177705042
0.000000237311294
0.000000248700450
0.000000402631240
0.000000152552872
0.000000080872593
0.000000152552872
0.000000152012102
0.000000128648465
0.000000136665693
0.000000210967774
0.000000290597027
0.000000134778473
0.000000510339470
0.000000146140348
0.000000351870121
0.000000199882365
0.000000339835073
0.000000259984535
0.000000487309329
0.000000080872593
