0.000010175883043
0.000004509855511
0.000007283448797
0.000007170776970
0.000004509855511
0.000016218789426
0.000004509855511
0.000014498573437
0.000004509855511
0.000007164662201
0.000020784959741
0.000007525755086
0.000017722668711
0.000004509855511
0.000004509855511
0.000007296490422
0.000024182734251
0.000004509855511
0.000020784959741
0.000004509855511
0.000004509855511
0.000022512778905
0.000018436770940
0.000022512778905
0.000007296490422
0.000007869938427
0.000004509855511
0.000014498573437
0.000007159983467
0.000004509855511
0.000004509855511
0.000004509855511
0.000018436770940
0.000020704589730
0.000024182734251
0.000007170776970
0.000004509855511
0.000007283448797
0.000004509855511
0.000016218789426
0.000007164662201
0.000004509855511
0.000004509855511
0.000004509855511
0.000007869938427
0.000155110425396
0.000111806250981
0.000059605858049
0.000145921976606
0.000063386553531
0.000060761580382
0.000062563751505
0.000084394181841
0.000015210192933
0.000080971137786
0.000004509855511
0.000051114652389
0.000049453456022
0.000023557720604
0.000100149189796
0.000054544860308
0.000132427860094
0.000032503475848
0.000050691866550
0.000047000336041
0.000055374877610
0.000022726399123
0.000055096354949
0.000016255022979
0.000047024123896
0.000053210939295
0.000092258781439
0.000009057329989
0.000096112075917
0.000110965712665
0.000051972834781
0.000028432919426
0.000045276666698
0.000125890324620
0.000004509855511
0.000050963499116
0.000024767483899
0.000063302078940
0.000008994856932
0.000019592688618
0.000049184120773
0.000047712005857
0.000094181106349
0.000083301602387
0.000008984025911
